Iter | Sampling Pol | Evaluation Pol | Best (Sampled) 
   0  0.00  0.00 -100000000.00 
   1  0.00  0.00  0.00 
   2  0.00  0.00  0.00 
   3  0.70  0.00  0.00 
   4  0.00  0.00  0.70 
   5  0.00  0.00  0.70 
   6  0.45  0.00  0.70 
   7  0.00  0.00  0.70 
   8  0.00  0.00  0.70 
   9  0.15  0.00  0.70 
  10  0.00  0.00  0.70 
  11  0.45  0.00  0.70 
  12  0.00  0.00  0.70 
  13  0.00  0.00  0.70 
  14  1.40  1.20  0.70 
  15  0.00  0.00  1.40 
  16  0.70  0.00  1.40 
  17  0.00  0.00  1.40 
  18  4.35  2.40  1.40 
  19  0.55  1.60  4.35 
  20  0.10  0.00  4.35 
  21  0.45  5.20  4.35 
  22  1.20  0.00  4.35 
  23  0.40 12.80  4.35 
  24  0.15  0.40  4.35 
  25  1.85  0.00  4.35 
  26  4.05  0.00  4.35 
  27  1.10  0.00  4.35 
  28  2.85  0.00  4.35 
  29  2.30  0.00  4.35 
  30  2.05  0.00  4.35 
  31  1.75  5.60  4.35 
  32  3.25  3.60  4.35 
  33  6.40  0.00  4.35 
  34  1.20  0.00  6.40 
  35  1.95  0.00  6.40 
  36  4.40  0.80  6.40 
  37  8.45  1.60  6.40 
  38  7.20  3.60  8.45 
  39  3.55  2.80  8.45 
  40  7.60  6.00  8.45 
  41  3.60  0.00  8.45 
  42  4.00  1.60  8.45 
  43  5.10  6.40  8.45 
  44  4.80  5.60  8.45 
  45  3.15  0.00  8.45 
  46  8.05  2.00  8.45 
  47  2.80 12.00  8.45 
  48  5.95 10.80  8.45 
  49  3.85  5.60  8.45 
  50  9.60 20.40  8.45 
  51  1.95 22.00  9.60 
  52  5.10 29.20  9.60 
  53  9.30 54.00  9.60 
  54  9.85 36.80  9.60 
  55 18.20 26.00  9.85 
  56 13.90 31.60 18.20 
  57 10.95 44.00 18.20 
  58 14.10 34.40 18.20 
  59 12.30 58.40 18.20 
  60 17.75 23.60 18.20 
  61 20.65  8.80 18.20 
  62 22.40 26.80 20.65 
  63 34.40 53.20 22.40 
  64 47.40 32.80 34.40 
  65 17.35 27.20 47.40 
  66 45.50 62.00 47.40 
  67 31.90 34.80 47.40 
  68 27.00 49.20 47.40 
  69 38.75 41.60 47.40 
  70 45.30 106.00 47.40 
  71 39.80 128.40 47.40 
  72 58.55 153.20 47.40 
  73 34.75 145.20 58.55 
  74 43.30 216.00 58.55 
  75 42.85 262.80 58.55 
  76 40.40 231.60 58.55 
  77 90.85 213.60 58.55 
  78 80.60 112.00 90.85 
  79 77.65 149.20 90.85 
  80 99.10 145.60 90.85 
  81 82.10 179.20 99.10 
  82 126.25 165.20 99.10 
  83 83.95 284.00 126.25 
  84 109.30 226.40 126.25 
  85 143.25 299.60 126.25 
  86 143.05 319.60 143.25 
  87 114.00 345.20 143.25 
  88 105.25 338.80 143.25 
  89 170.50 428.80 143.25 
  90 180.85 324.40 170.50 
  91 188.20 442.80 180.85 
  92 153.80 596.40 188.20 
  93 213.80 525.20 188.20 
  94 191.50 543.60 213.80 
  95 241.90 580.00 213.80 
  96 218.60 697.60 241.90 
  97 314.35 793.20 241.90 
  98 240.90 718.80 314.35 
  99 288.45 795.60 314.35 
 100 280.20 859.20 314.35 
 101 237.80 832.80 314.35 
 102 319.00 958.00 314.35 
 103 379.90 887.60 319.00 
 104 300.55 938.40 379.90 
 105 343.25 799.60 379.90 
 106 343.20 706.40 379.90 
 107 419.50 913.60 379.90 
 108 466.40 1031.20 419.50 
 109 411.05 1008.00 466.40 
 110 486.15 1059.20 466.40 
 111 563.85 983.20 486.15 
 112 321.15 906.40 563.85 
 113 428.25 990.40 563.85 
 114 529.95 1027.60 563.85 
 115 503.25 986.40 563.85 
 116 565.10 1102.40 563.85 
 117 639.40 1161.20 565.10 
 118 603.50 1176.80 639.40 
 119 722.10 1216.00 639.40 
 120 614.00 1159.20 722.10 
 121 766.30 1075.20 722.10 
 122 671.45 1245.20 766.30 
 123 643.25 1329.60 766.30 
 124 554.90 1233.60 766.30 
 125 615.90 1228.40 766.30 
 126 729.20 1343.20 766.30 
 127 645.90 1310.00 766.30 
 128 707.70 1162.00 766.30 
 129 636.65 1430.00 766.30 
 130 718.60 1238.80 766.30 
 131 824.50 1328.40 766.30 
 132 783.65 1346.40 824.50 
 133 580.15 1318.40 824.50 
 134 725.00 1376.40 824.50 
 135 807.55 1503.20 824.50 
 136 731.60 1312.00 824.50 
 137 522.75 1296.40 824.50 
 138 747.35 1181.60 824.50 
 139 597.65 1392.80 824.50 
 140 724.35 1202.00 824.50 
 141 641.15 1347.20 824.50 
 142 622.65 1440.00 824.50 
 143 671.00 1455.20 824.50 
 144 709.80 1594.40 824.50 
 145 781.75 1510.80 824.50 
 146 672.20 1507.60 824.50 
 147 892.25 1694.80 824.50 
 148 822.10 1743.60 892.25 
 149 834.15 1538.40 892.25 
 150 790.80 1721.60 892.25 
 151 817.90 1700.00 892.25 
 152 889.65 1703.60 892.25 
 153 768.65 1647.60 892.25 
 154 760.85 1680.00 892.25 
 155 710.20 1735.20 892.25 
 156 929.75 1692.80 892.25 
 157 750.95 1826.00 929.75 
 158 764.60 1768.40 929.75 
 159 711.60 1732.40 929.75 
 160 967.30 1649.20 929.75 
 161 797.30 1884.00 967.30 
 162 975.90 1507.20 967.30 
 163 763.40 1688.40 975.90 
 164 805.35 1801.60 975.90 
 165 881.85 1818.40 975.90 
 166 948.55 1805.20 975.90 
 167 990.50 1986.00 975.90 
 168 893.80 1898.00 990.50 
 169 1137.80 2005.60 990.50 
 170 927.05 1694.00 1137.80 
 171 921.65 1827.60 1137.80 
 172 837.80 1900.00 1137.80 
 173 1046.50 1846.40 1137.80 
 174 1013.90 1888.80 1137.80 
 175 919.90 1783.20 1137.80 
 176 1116.95 1814.40 1137.80 
 177 1002.85 1817.60 1137.80 
 178 988.20 1734.80 1137.80 
 179 868.40 1937.20 1137.80 
 180 1025.95 1684.80 1137.80 
 181 1097.70 1866.40 1137.80 
 182 899.90 1773.20 1137.80 
 183 943.40 1874.40 1137.80 
 184 926.60 2094.80 1137.80 
 185 845.80 1833.60 1137.80 
 186 1071.45 2052.40 1137.80 
 187 1004.10 2111.60 1137.80 
 188 972.80 2249.60 1137.80 
 189 974.90 2103.20 1137.80 
 190 930.60 2048.00 1137.80 
 191 1043.20 2059.60 1137.80 
 192 1039.45 2251.20 1137.80 
 193 868.50 2216.80 1137.80 
 194 935.55 2167.20 1137.80 
 195 960.40 2000.00 1137.80 
 196 997.70 2430.00 1137.80 
 197 952.90 2340.00 1137.80 
 198 1059.40 2302.80 1137.80 
 199 1015.55 2141.60 1137.80 
 200 985.00 2200.40 1137.80 
 201 1248.55 2349.60 1137.80 
 202 1181.15 2044.80 1248.55 
 203 934.85 2164.00 1248.55 
 204 1017.80 2295.20 1248.55 
 205 1324.85 2174.40 1248.55 
 206 1035.40 2252.80 1324.85 
 207 1034.80 2239.60 1324.85 
 208 1208.80 2046.40 1324.85 
 209 1000.80 2106.40 1324.85 
 210 1149.85 2242.00 1324.85 
 211 1107.80 2065.60 1324.85 
 212 1124.25 2530.80 1324.85 
 213 1131.95 2364.80 1324.85 
 214 1322.55 2452.40 1324.85 
 215 1186.45 2341.60 1324.85 
 216 1153.05 2348.80 1324.85 
 217 1215.15 2239.20 1324.85 
 218 1162.60 2297.60 1324.85 
 219 1092.05 2248.80 1324.85 
 220 1370.90 2486.00 1324.85 
 221 1403.10 2429.60 1370.90 
 222 1352.95 2371.20 1403.10 
 223 1266.10 2483.20 1403.10 
 224 1208.70 2724.00 1403.10 
 225 1406.90 2682.40 1403.10 
 226 1573.45 2510.00 1406.90 
 227 1193.85 2652.00 1573.45 
 228 1312.00 2671.20 1573.45 
 229 1489.45 2817.20 1573.45 
 230 1443.30 2675.60 1573.45 
 231 1656.50 2686.00 1573.45 
 232 1579.85 2810.00 1656.50 
 233 1344.25 2706.80 1656.50 
 234 1580.90 2714.80 1656.50 
 235 1494.30 2513.20 1656.50 
 236 1675.65 2703.20 1656.50 
 237 1485.45 2777.20 1675.65 
 238 1472.65 2870.80 1675.65 
 239 1515.85 2699.20 1675.65 
 240 1680.95 2638.80 1675.65 
 241 1658.80 2692.40 1680.95 
 242 1604.55 2684.40 1680.95 
 243 1566.90 2564.80 1680.95 
 244 1759.00 2703.60 1680.95 
 245 1667.20 2826.40 1759.00 
 246 1751.90 2856.80 1759.00 
 247 1591.20 2697.20 1759.00 
 248 1701.00 2555.20 1759.00 
 249 1752.45 2613.20 1759.00 
 250 1552.00 2721.20 1759.00 
 251 1771.35 2782.00 1759.00 
 252 1784.85 2853.60 1771.35 
 253 1942.15 2881.60 1784.85 
 254 1653.65 2986.00 1942.15 
 255 1817.55 2859.60 1942.15 
 256 1969.15 2805.20 1942.15 
 257 1859.05 3005.60 1969.15 
 258 1710.10 3075.20 1969.15 
 259 1728.55 3032.80 1969.15 
 260 1898.85 3000.40 1969.15 
 261 1841.50 3198.80 1969.15 
 262 1704.10 3141.20 1969.15 
 263 2019.30 3125.20 1969.15 
 264 1987.80 3097.60 2019.30 
 265 2091.15 3023.20 2019.30 
 266 1892.35 2961.60 2091.15 
 267 2027.90 3113.60 2091.15 
 268 1993.65 3056.80 2091.15 
 269 2079.35 3056.80 2091.15 
 270 1993.65 3104.40 2091.15 
 271 1976.40 3175.20 2091.15 
 272 2182.40 3039.20 2091.15 
 273 2112.95 3181.20 2182.40 
 274 2037.70 2905.20 2182.40 
 275 2069.45 3125.60 2182.40 
 276 2007.00 3220.00 2182.40 
 277 2161.20 3054.80 2182.40 
 278 2310.05 3264.40 2182.40 
 279 2134.25 3163.60 2310.05 
 280 2113.75 3212.80 2310.05 
 281 2006.45 3277.20 2310.05 
 282 2198.80 2952.00 2310.05 
 283 2281.05 3019.60 2310.05 
 284 2317.45 2854.00 2310.05 
 285 2169.90 3110.80 2317.45 
 286 2199.50 3255.20 2317.45 
 287 2323.00 2956.80 2317.45 
 288 2206.65 3267.20 2323.00 
 289 2237.95 3011.60 2323.00 
 290 2320.35 3328.00 2323.00 
 291 2298.95 3285.20 2323.00 
 292 2266.55 3210.80 2323.00 
 293 2265.50 3165.20 2323.00 
 294 2440.00 3172.80 2323.00 
 295 2392.55 3196.80 2440.00 
 296 2169.70 3138.80 2440.00 
 297 2312.60 3190.00 2440.00 
 298 2216.15 3208.00 2440.00 
 299 2453.60 3196.00 2440.00 
