Iter | Sampling Pol | Evaluation Pol | Best (Sampled) 
   0 -45.24 -18.83 -100000000.00 
   1 -45.46 11.54 -45.24 
   2 -45.17 76.47 -45.24 
   3 -45.86 99.32 -45.17 
   4 -44.65 80.71 -45.17 
   5 -36.66 91.02 -44.65 
   6 -30.65 135.20 -36.66 
   7 -35.05 153.91 -30.65 
   8 -22.33 226.95 -30.65 
   9 -29.11 210.61 -22.33 
  10 -19.71 283.79 -22.33 
  11 -20.84 284.51 -19.71 
  12 12.47 303.11 -19.71 
  13 16.07 273.28 12.47 
  14 63.98 438.44 16.07 
  15 41.02 352.62 63.98 
  16 158.05 410.29 63.98 
  17 91.42 489.23 158.05 
  18 136.65 555.70 158.05 
  19 145.36 679.44 158.05 
  20 296.93 617.21 158.05 
  21 217.36 818.92 296.93 
  22 369.75 944.99 296.93 
  23 398.44 951.61 369.75 
  24 473.66 1068.36 398.44 
  25 568.93 1122.75 473.66 
  26 656.03 1167.13 568.93 
  27 756.67 1261.39 656.03 
  28 887.93 1162.48 756.67 
  29 922.39 1216.79 887.93 
  30 1069.77 1335.28 922.39 
  31 1129.23 1384.25 1069.77 
  32 1279.99 1452.60 1129.23 
  33 1189.48 1504.86 1279.99 
  34 1246.10 1436.26 1279.99 
  35 1398.24 1577.32 1279.99 
  36 1373.04 1765.99 1398.24 
  37 1530.83 1795.82 1398.24 
  38 1579.05 1896.24 1530.83 
  39 1611.18 1814.29 1579.05 
  40 1609.44 1885.69 1611.18 
  41 1709.91 1951.84 1611.18 
  42 1756.85 1983.56 1709.91 
  43 1790.39 2049.84 1756.85 
  44 1755.97 1983.08 1790.39 
  45 1817.99 1935.30 1790.39 
  46 1784.17 2035.79 1817.99 
  47 1832.31 2062.85 1817.99 
  48 1879.77 2069.50 1832.31 
  49 1862.65 2112.96 1879.77 
  50 1927.09 2000.85 1879.77 
  51 1960.28 2194.58 1927.09 
  52 1994.61 2199.40 1960.28 
  53 1919.82 2190.69 1994.61 
  54 2040.26 2254.97 1994.61 
  55 2107.01 2244.06 2040.26 
  56 2112.32 2314.75 2107.01 
  57 2155.27 2307.32 2112.32 
  58 2171.82 2193.58 2155.27 
  59 2187.57 2358.70 2171.82 
  60 2154.84 2321.78 2187.57 
  61 2227.07 2408.05 2187.57 
  62 2225.63 2424.15 2227.07 
  63 2314.47 2426.08 2227.07 
  64 2357.00 2466.04 2314.47 
  65 2361.48 2467.27 2357.00 
  66 2339.76 2473.34 2361.48 
  67 2335.40 2442.45 2361.48 
  68 2332.04 2493.33 2361.48 
  69 2365.08 2482.07 2361.48 
  70 2292.81 2468.02 2365.08 
  71 2423.59 2563.35 2365.08 
  72 2406.79 2581.85 2423.59 
  73 2406.52 2541.11 2423.59 
  74 2421.73 2548.86 2423.59 
  75 2393.25 2445.62 2423.59 
  76 2412.75 2547.73 2423.59 
  77 2420.92 2561.58 2423.59 
  78 2410.23 2533.38 2423.59 
  79 2426.50 2563.65 2423.59 
  80 2406.99 2549.81 2426.50 
  81 2415.99 2552.94 2426.50 
  82 2505.18 2604.71 2426.50 
  83 2512.45 2619.02 2505.18 
  84 2526.75 2625.60 2512.45 
  85 2501.65 2633.37 2526.75 
  86 2517.32 2590.50 2526.75 
  87 2522.95 2445.96 2526.75 
  88 2531.80 2426.47 2526.75 
  89 2571.43 2662.21 2531.80 
  90 2547.50 2592.87 2571.43 
  91 2564.28 2647.51 2571.43 
  92 2551.88 2584.70 2571.43 
  93 2565.33 2699.63 2571.43 
  94 2641.59 2681.94 2571.43 
  95 2626.86 2730.07 2641.59 
  96 2579.68 2732.04 2641.59 
  97 2610.63 2722.90 2641.59 
  98 2599.80 2696.90 2641.59 
  99 2646.39 2750.76 2641.59 
 100 2683.25 2799.90 2646.39 
 101 2658.60 2800.13 2683.25 
 102 2669.35 2734.94 2683.25 
 103 2606.06 2802.58 2683.25 
 104 2711.26 2744.45 2683.25 
 105 2702.35 2748.19 2711.26 
 106 2732.75 2755.12 2711.26 
 107 2696.40 2769.04 2732.75 
 108 2731.62 2813.10 2732.75 
 109 2744.62 2746.63 2732.75 
 110 2707.23 2831.23 2744.62 
 111 2708.00 2688.79 2744.62 
 112 2707.74 2745.03 2744.62 
 113 2753.93 2740.22 2744.62 
 114 2725.64 2849.79 2753.93 
 115 2777.24 2853.17 2753.93 
 116 2732.97 2830.17 2777.24 
 117 2748.13 2889.11 2777.24 
 118 2776.98 2888.20 2777.24 
 119 2790.98 2844.84 2777.24 
 120 2717.00 2751.79 2790.98 
 121 2819.62 2817.91 2790.98 
 122 2811.58 2914.38 2819.62 
 123 2814.00 2929.03 2819.62 
 124 2728.01 2916.98 2819.62 
 125 2803.48 2914.39 2819.62 
 126 2761.00 2827.46 2819.62 
 127 2811.74 2927.00 2819.62 
 128 2805.52 2884.19 2819.62 
 129 2743.44 2926.29 2819.62 
 130 2782.85 2927.46 2819.62 
 131 2840.75 2928.15 2819.62 
 132 2838.41 2921.83 2840.75 
 133 2841.22 2925.24 2840.75 
 134 2819.66 2935.05 2841.22 
 135 2851.61 2889.84 2841.22 
 136 2841.78 2945.07 2851.61 
 137 2861.65 2900.85 2851.61 
 138 2852.52 2951.26 2861.65 
 139 2823.82 2910.90 2861.65 
 140 2823.97 2908.59 2861.65 
 141 2898.79 2960.27 2861.65 
 142 2863.56 2958.20 2898.79 
 143 2885.83 2915.53 2898.79 
 144 2870.18 2966.40 2898.79 
 145 2898.23 2931.80 2898.79 
 146 2908.65 2932.23 2898.79 
 147 2898.06 2981.00 2908.65 
 148 2914.14 2986.53 2908.65 
 149 2948.50 2989.36 2914.14 
 150 2905.62 2992.03 2948.50 
 151 2907.70 2907.41 2948.50 
 152 2886.85 2950.74 2948.50 
 153 2927.81 2944.94 2948.50 
 154 2879.26 2990.49 2948.50 
 155 2927.79 2956.65 2948.50 
 156 2899.40 2961.03 2948.50 
 157 2916.03 2961.52 2948.50 
 158 2871.98 2914.12 2948.50 
 159 2925.47 2975.24 2948.50 
 160 2956.05 3022.63 2948.50 
 161 2910.57 2979.81 2956.05 
 162 2924.20 2969.92 2956.05 
 163 2941.49 3018.26 2956.05 
 164 2945.57 2975.62 2956.05 
 165 2966.50 3020.41 2956.05 
 166 2932.96 3021.71 2966.50 
 167 2962.59 3035.66 2966.50 
 168 2982.00 2950.51 2966.50 
 169 3000.19 2998.27 2982.00 
 170 2969.85 3052.15 3000.19 
 171 2974.30 2975.74 3000.19 
 172 2995.15 3058.52 3000.19 
 173 2970.63 3070.36 3000.19 
 174 2959.98 3055.71 3000.19 
 175 2933.82 3058.78 3000.19 
 176 2979.46 3056.58 3000.19 
 177 2949.24 3044.55 3000.19 
 178 2949.77 3054.06 3000.19 
 179 2959.99 3059.90 3000.19 
 180 2939.84 3059.40 3000.19 
 181 2958.30 3052.18 3000.19 
 182 2987.48 3059.79 3000.19 
 183 2951.13 3054.13 3000.19 
 184 3014.58 3058.62 3000.19 
 185 2960.98 3013.22 3014.58 
 186 2956.65 3015.99 3014.58 
 187 3007.22 2976.47 3014.58 
 188 3038.01 3069.30 3014.58 
 189 2985.07 3010.41 3038.01 
 190 2973.03 3066.61 3038.01 
 191 3010.40 3069.59 3038.01 
 192 2974.00 3076.09 3038.01 
 193 3037.00 3075.69 3038.01 
 194 2989.84 3076.21 3038.01 
 195 3042.41 3074.89 3038.01 
 196 2989.57 3000.49 3042.41 
 197 2985.40 3083.54 3042.41 
 198 2985.00 3073.66 3042.41 
 199 2970.94 3079.47 3042.41 
 200 3005.22 3077.38 3042.41 
 201 3003.78 3076.25 3042.41 
 202 3041.86 3077.50 3042.41 
 203 2982.06 3071.28 3042.41 
 204 3026.00 3073.40 3042.41 
 205 3008.67 3081.56 3042.41 
 206 3012.20 3068.22 3042.41 
 207 2969.28 3082.29 3042.41 
 208 3001.12 3080.36 3042.41 
 209 3029.83 3087.54 3042.41 
 210 2977.51 3093.93 3042.41 
 211 3044.23 3089.52 3042.41 
 212 3032.95 3085.36 3044.23 
 213 3035.87 3087.17 3044.23 
 214 2982.36 2990.72 3044.23 
 215 3013.02 3097.15 3044.23 
 216 3016.23 3103.73 3044.23 
 217 3023.50 3097.29 3044.23 
 218 3001.99 3092.78 3044.23 
 219 3028.99 3111.48 3044.23 
 220 3063.54 3107.14 3044.23 
 221 3057.46 3113.62 3063.54 
 222 3033.54 3118.54 3063.54 
 223 2969.03 3126.90 3063.54 
 224 3045.04 3084.56 3063.54 
 225 3005.19 3129.64 3063.54 
 226 3051.52 3133.79 3063.54 
 227 3037.83 3130.01 3063.54 
 228 3026.82 3126.79 3063.54 
 229 3069.16 3079.40 3063.54 
 230 3077.93 3127.11 3069.16 
 231 3068.55 3125.36 3077.93 
 232 3038.41 3075.93 3077.93 
 233 3062.95 3136.82 3077.93 
 234 3091.83 3131.01 3077.93 
 235 3069.11 3133.42 3091.83 
 236 3035.62 3122.52 3091.83 
 237 3066.35 3123.72 3091.83 
 238 3092.03 3128.09 3091.83 
 239 3097.81 3137.00 3092.03 
 240 3033.27 3130.21 3097.81 
 241 3088.87 3137.73 3097.81 
 242 3090.27 3135.02 3097.81 
 243 3049.60 3136.72 3097.81 
 244 3105.51 3146.90 3097.81 
 245 3064.48 3149.05 3105.51 
 246 3043.86 3139.58 3105.51 
 247 3064.38 3142.36 3105.51 
 248 3093.63 3084.30 3105.51 
 249 3087.16 3143.50 3105.51 
 250 3050.42 3053.18 3105.51 
 251 3101.74 3152.40 3105.51 
 252 3072.33 3149.84 3105.51 
 253 3098.82 3153.13 3105.51 
 254 3097.91 3101.48 3105.51 
 255 3112.69 3160.01 3105.51 
 256 3112.08 3111.69 3112.69 
 257 3095.71 3153.58 3112.69 
 258 3113.31 3154.78 3112.69 
 259 3097.06 3160.11 3113.31 
 260 3085.55 3162.58 3113.31 
 261 3079.25 3160.49 3113.31 
 262 3119.24 3163.99 3113.31 
 263 3122.17 3170.57 3119.24 
 264 3127.92 3173.23 3122.17 
 265 3143.79 3171.93 3127.92 
 266 3135.89 3185.00 3143.79 
 267 3093.36 3183.50 3143.79 
 268 3110.95 3138.45 3143.79 
 269 3136.52 3182.05 3143.79 
 270 3133.36 3133.52 3143.79 
 271 3105.30 3178.03 3143.79 
 272 3109.17 3182.13 3143.79 
 273 3109.91 3180.18 3143.79 
 274 3105.46 3181.36 3143.79 
 275 3127.59 3186.11 3143.79 
 276 3148.90 3183.94 3143.79 
 277 3148.85 3184.26 3148.90 
 278 3109.10 3121.85 3148.90 
 279 3130.22 3187.15 3148.90 
 280 3096.52 3124.22 3148.90 
 281 3151.87 3189.19 3148.90 
 282 3149.99 3188.95 3151.87 
 283 3139.22 3177.35 3151.87 
 284 3095.82 3192.02 3151.87 
 285 3116.68 3192.92 3151.87 
 286 3093.10 3130.37 3151.87 
 287 3137.97 3155.11 3151.87 
 288 3092.62 3151.17 3151.87 
 289 3128.48 3193.89 3151.87 
 290 3163.44 3195.34 3151.87 
 291 3148.78 3196.74 3163.44 
 292 3130.65 3199.20 3163.44 
 293 3099.23 3200.55 3163.44 
 294 3150.59 3152.66 3163.44 
 295 3136.81 3203.77 3163.44 
 296 3139.79 3203.99 3163.44 
 297 3142.36 3201.05 3163.44 
 298 3135.46 3199.73 3163.44 
 299 3139.56 3200.80 3163.44 
