Iter | Sampling Pol | Evaluation Pol | Best (Sampled) 
   0 865.25 1690.00 -100000000.00 
   1 908.38 1390.00 865.25 
   2 901.25 1332.00 908.38 
   3 907.38 1362.00 908.38 
   4 1035.88 1234.00 908.38 
   5 1004.38 1518.00 1035.88 
   6 945.25 1298.00 1035.88 
   7 1225.88 1646.00 1035.88 
   8 1110.88 1464.00 1225.88 
   9 1146.62 1674.00 1225.88 
  10 1159.38 1952.00 1225.88 
  11 1098.12 2222.00 1225.88 
  12 1262.12 2476.00 1225.88 
  13 1270.12 2028.00 1262.12 
  14 1282.25 2326.00 1270.12 
  15 1263.25 2340.00 1282.25 
  16 1395.88 2234.00 1282.25 
  17 1315.75 2200.00 1395.88 
  18 1195.12 2350.00 1395.88 
  19 1322.88 2312.00 1395.88 
  20 1301.00 2260.00 1395.88 
  21 1293.62 2270.00 1395.88 
  22 1375.12 2058.00 1395.88 
  23 1452.75 2544.00 1395.88 
  24 1496.00 2204.00 1452.75 
  25 1435.25 2172.00 1496.00 
  26 1480.00 2260.00 1496.00 
  27 1651.00 2240.00 1496.00 
  28 1537.88 2556.00 1651.00 
  29 1787.00 2416.00 1651.00 
  30 1670.50 2460.00 1787.00 
  31 1673.62 2590.00 1787.00 
  32 1632.50 2320.00 1787.00 
  33 1738.50 2440.00 1787.00 
  34 1527.75 2468.00 1787.00 
  35 1537.75 2486.00 1787.00 
  36 1676.75 2402.00 1787.00 
  37 1704.50 2560.00 1787.00 
  38 1662.38 3004.00 1787.00 
  39 1597.25 2070.00 1787.00 
  40 1622.88 2264.00 1787.00 
  41 1684.25 2612.00 1787.00 
  42 1884.00 2468.00 1787.00 
  43 1985.00 2394.00 1884.00 
  44 1574.88 2594.00 1985.00 
  45 1764.25 2458.00 1985.00 
  46 1704.62 2472.00 1985.00 
  47 1881.88 2500.00 1985.00 
  48 1825.25 2568.00 1985.00 
  49 1776.75 2494.00 1985.00 
  50 1758.50 2572.00 1985.00 
  51 1941.50 2652.00 1985.00 
  52 1857.50 2306.00 1985.00 
  53 1912.38 2640.00 1985.00 
  54 1769.25 2716.00 1985.00 
  55 1945.75 2748.00 1985.00 
  56 1957.62 2410.00 1985.00 
  57 1841.12 2650.00 1985.00 
  58 1967.12 2644.00 1985.00 
  59 1843.75 2654.00 1985.00 
  60 1897.25 2576.00 1985.00 
  61 1978.38 2816.00 1985.00 
  62 1954.38 2590.00 1985.00 
  63 1995.12 2660.00 1985.00 
  64 2001.75 2444.00 1995.12 
  65 1921.62 3004.00 2001.75 
  66 1887.75 2708.00 2001.75 
  67 1954.38 2734.00 2001.75 
  68 2104.00 2672.00 2001.75 
  69 1957.25 2564.00 2104.00 
  70 2156.50 2612.00 2104.00 
  71 2078.75 2666.00 2156.50 
  72 2066.12 2582.00 2156.50 
  73 2097.50 2758.00 2156.50 
  74 1883.00 2976.00 2156.50 
  75 2046.12 2918.00 2156.50 
  76 2059.62 2630.00 2156.50 
  77 2193.50 2686.00 2156.50 
  78 2069.50 3064.00 2193.50 
  79 2268.88 3130.00 2193.50 
  80 1985.00 2772.00 2268.88 
  81 2208.75 3240.00 2268.88 
  82 2309.62 3046.00 2268.88 
  83 2336.38 3040.00 2309.62 
  84 2100.38 3216.00 2336.38 
  85 2207.50 3288.00 2336.38 
  86 2168.38 3028.00 2336.38 
  87 2168.00 3314.00 2336.38 
  88 2200.00 3000.00 2336.38 
  89 2279.25 3252.00 2336.38 
  90 2246.12 2874.00 2336.38 
  91 2446.62 2910.00 2336.38 
  92 2495.88 3038.00 2446.62 
  93 2243.62 3106.00 2495.88 
  94 2359.75 3350.00 2495.88 
  95 2312.75 3256.00 2495.88 
  96 2365.62 3012.00 2495.88 
  97 2301.38 3362.00 2495.88 
  98 2367.75 3092.00 2495.88 
  99 2354.88 3282.00 2495.88 
 100 2354.75 3298.00 2495.88 
 101 2393.25 3340.00 2495.88 
 102 2355.12 2882.00 2495.88 
 103 2407.75 3278.00 2495.88 
 104 2327.00 2992.00 2495.88 
 105 2404.00 3182.00 2495.88 
 106 2342.88 3236.00 2495.88 
 107 2417.12 3064.00 2495.88 
 108 2308.88 3254.00 2495.88 
 109 2365.38 3138.00 2495.88 
 110 2243.62 3098.00 2495.88 
 111 2332.25 3100.00 2495.88 
 112 2532.12 3192.00 2495.88 
 113 2432.62 3268.00 2532.12 
 114 2452.38 3034.00 2532.12 
 115 2436.00 3040.00 2532.12 
 116 2487.75 3020.00 2532.12 
 117 2422.00 3060.00 2532.12 
 118 2473.62 3036.00 2532.12 
 119 2561.00 3084.00 2532.12 
 120 2555.75 3088.00 2561.00 
 121 2453.75 3090.00 2561.00 
 122 2437.38 3018.00 2561.00 
 123 2326.88 3238.00 2561.00 
 124 2540.38 3292.00 2561.00 
 125 2525.88 3040.00 2561.00 
 126 2632.38 3284.00 2561.00 
 127 2545.50 3234.00 2632.38 
 128 2422.12 3302.00 2632.38 
 129 2538.88 3258.00 2632.38 
 130 2704.12 3050.00 2632.38 
 131 2651.12 3212.00 2704.12 
 132 2572.88 3324.00 2704.12 
 133 2535.75 3232.00 2704.12 
 134 2467.12 3218.00 2704.12 
 135 2598.38 3292.00 2704.12 
 136 2573.00 3308.00 2704.12 
 137 2613.25 3470.00 2704.12 
 138 2454.25 3308.00 2704.12 
 139 2619.25 3354.00 2704.12 
 140 2641.75 3350.00 2704.12 
 141 2556.50 3364.00 2704.12 
 142 2676.75 3336.00 2704.12 
 143 2608.25 3232.00 2704.12 
 144 2564.88 3222.00 2704.12 
 145 2472.25 3182.00 2704.12 
 146 2460.38 3138.00 2704.12 
 147 2693.62 3200.00 2704.12 
 148 2564.38 3380.00 2704.12 
 149 2529.62 3182.00 2704.12 
 150 2787.38 3336.00 2704.12 
 151 2639.00 3276.00 2787.38 
 152 2663.12 3406.00 2787.38 
 153 2641.75 3270.00 2787.38 
 154 2720.62 3124.00 2787.38 
 155 2624.75 3342.00 2787.38 
 156 2514.00 3106.00 2787.38 
 157 2752.00 3026.00 2787.38 
 158 2630.62 3386.00 2787.38 
 159 2540.38 3106.00 2787.38 
 160 2697.75 3116.00 2787.38 
 161 2748.62 3198.00 2787.38 
 162 2586.38 3332.00 2787.38 
 163 2790.62 3198.00 2787.38 
 164 2732.50 3238.00 2790.62 
 165 2741.25 3226.00 2790.62 
 166 2821.25 3316.00 2790.62 
 167 2755.38 3074.00 2821.25 
 168 2840.50 3326.00 2821.25 
 169 2751.12 3248.00 2840.50 
 170 2715.75 3358.00 2840.50 
 171 2769.38 3274.00 2840.50 
 172 2525.00 3072.00 2840.50 
 173 2771.38 3328.00 2840.50 
 174 2686.88 3366.00 2840.50 
 175 2578.75 3106.00 2840.50 
 176 2698.75 3208.00 2840.50 
 177 2794.62 3218.00 2840.50 
 178 2692.00 3326.00 2840.50 
 179 2900.62 3526.00 2840.50 
 180 2729.25 3338.00 2900.62 
 181 2840.62 3404.00 2900.62 
 182 2816.75 3268.00 2900.62 
 183 2890.50 3420.00 2900.62 
 184 2819.88 3472.00 2900.62 
 185 2904.75 3352.00 2900.62 
 186 2884.88 3322.00 2904.75 
 187 2838.25 3618.00 2904.75 
 188 2903.75 3490.00 2904.75 
 189 2999.50 3364.00 2904.75 
 190 2956.00 3234.00 2999.50 
 191 2948.38 3602.00 2999.50 
 192 3045.75 3446.00 2999.50 
 193 2927.25 3338.00 3045.75 
 194 2849.50 3568.00 3045.75 
 195 2918.12 3506.00 3045.75 
 196 2808.50 3560.00 3045.75 
 197 2760.38 3480.00 3045.75 
 198 2844.38 3632.00 3045.75 
 199 2933.75 3614.00 3045.75 
 200 2868.12 3632.00 3045.75 
 201 2902.62 3458.00 3045.75 
 202 2872.50 3556.00 3045.75 
 203 2777.62 3510.00 3045.75 
 204 2885.00 3508.00 3045.75 
 205 2967.50 3420.00 3045.75 
 206 2731.25 3416.00 3045.75 
 207 2884.75 3612.00 3045.75 
 208 3034.38 3706.00 3045.75 
 209 2903.88 3608.00 3045.75 
 210 2993.00 3656.00 3045.75 
 211 2890.88 3356.00 3045.75 
 212 2919.25 3638.00 3045.75 
 213 2948.88 3624.00 3045.75 
 214 2866.38 3628.00 3045.75 
 215 2995.62 3670.00 3045.75 
 216 2957.12 3776.00 3045.75 
 217 3039.12 3650.00 3045.75 
 218 3034.50 3566.00 3045.75 
 219 3047.00 3476.00 3045.75 
 220 3092.38 3580.00 3047.00 
 221 2918.12 3634.00 3092.38 
 222 2961.62 3620.00 3092.38 
 223 2887.75 3680.00 3092.38 
 224 2908.62 3774.00 3092.38 
 225 3000.50 3778.00 3092.38 
 226 3195.25 3740.00 3092.38 
 227 3005.62 3622.00 3195.25 
 228 3116.12 3760.00 3195.25 
 229 3135.75 3528.00 3195.25 
 230 2916.50 3762.00 3195.25 
 231 3077.12 3658.00 3195.25 
 232 3038.12 3494.00 3195.25 
 233 2927.38 3666.00 3195.25 
 234 3105.25 3682.00 3195.25 
 235 3061.12 3724.00 3195.25 
 236 2955.25 3554.00 3195.25 
 237 3154.25 3716.00 3195.25 
 238 3087.00 3628.00 3195.25 
 239 3112.88 3604.00 3195.25 
 240 3163.50 3786.00 3195.25 
 241 3074.12 3776.00 3195.25 
 242 3016.88 3822.00 3195.25 
 243 3195.38 3872.00 3195.25 
 244 3152.50 3818.00 3195.38 
 245 3060.12 3772.00 3195.38 
 246 2970.12 3714.00 3195.38 
 247 3129.38 3606.00 3195.38 
 248 3064.00 3786.00 3195.38 
 249 3132.75 3696.00 3195.38 
 250 3203.88 3626.00 3195.38 
 251 3046.62 3780.00 3203.88 
 252 3127.38 3740.00 3203.88 
 253 3053.88 3650.00 3203.88 
 254 3203.88 3826.00 3203.88 
 255 3152.12 3712.00 3203.88 
 256 3078.38 3642.00 3203.88 
 257 3149.12 3638.00 3203.88 
 258 3183.12 3578.00 3203.88 
 259 3172.75 3606.00 3203.88 
 260 3090.88 3818.00 3203.88 
 261 3213.62 3748.00 3203.88 
 262 2955.50 3640.00 3213.62 
 263 3089.25 3706.00 3213.62 
 264 3043.12 3372.00 3213.62 
 265 3230.12 3466.00 3213.62 
 266 3240.75 3700.00 3230.12 
 267 3124.50 3692.00 3240.75 
 268 3125.38 3628.00 3240.75 
 269 3215.62 3854.00 3240.75 
 270 3122.12 3814.00 3240.75 
 271 3109.88 3812.00 3240.75 
 272 3065.62 3738.00 3240.75 
 273 3133.00 3806.00 3240.75 
 274 3100.38 3626.00 3240.75 
 275 3099.25 3802.00 3240.75 
 276 3139.88 3816.00 3240.75 
 277 3226.88 3642.00 3240.75 
 278 3076.75 3772.00 3240.75 
 279 3103.12 3876.00 3240.75 
 280 3210.25 3606.00 3240.75 
 281 3298.00 3904.00 3240.75 
 282 3244.50 3654.00 3298.00 
 283 3175.25 3800.00 3298.00 
 284 3357.12 3836.00 3298.00 
 285 3228.50 3702.00 3357.12 
 286 3198.50 3578.00 3357.12 
 287 3176.38 3792.00 3357.12 
 288 3259.62 3792.00 3357.12 
 289 3254.62 3900.00 3357.12 
 290 3288.50 3746.00 3357.12 
 291 3112.62 3564.00 3357.12 
 292 3274.25 3796.00 3357.12 
 293 3214.62 3704.00 3357.12 
 294 3271.75 3686.00 3357.12 
 295 3271.50 3778.00 3357.12 
 296 3147.25 3804.00 3357.12 
 297 3267.50 3776.00 3357.12 
 298 3171.00 3810.00 3357.12 
 299 3314.12 3822.00 3357.12 
