Iter | Sampling Pol | Evaluation Pol | Best (Sampled) 
   0 -181.88 -181.95 -100000000.00 
   1 -181.89 -182.00 -181.88 
   2 -181.87 -182.00 -181.88 
   3 -181.88 -182.00 -181.87 
   4 -181.78 -182.00 -181.87 
   5 -181.76 -182.01 -181.78 
   6 -181.19 -182.02 -181.76 
   7 -181.20 -182.00 -181.19 
   8 -128.83 -181.79 -181.19 
   9 -167.42 -181.71 -128.83 
  10 -178.62 -181.19 -128.83 
  11 -170.44 -179.52 -128.83 
  12 -139.00 -148.77 -128.83 
  13 -179.12 -180.48 -128.83 
  14 -165.50 -179.24 -128.83 
  15 -149.18 -179.02 -128.83 
  16 -170.97 -178.86 -128.83 
  17 -105.84 -112.98 -128.83 
  18 -51.35 -178.32 -105.84 
  19 -112.31 -177.12 -51.35 
  20 -164.10 -175.15 -51.35 
  21 -154.34 -175.58 -51.35 
  22 -171.41 -177.35 -51.35 
  23 33.06 -175.23 -51.35 
  24 -17.68 -176.70 33.06 
  25 -135.96 -174.97 33.06 
  26 -79.90 -175.47 33.06 
  27 -74.67 -170.11 33.06 
  28 22.53 -170.88 33.06 
  29 -77.25 787.32 33.06 
  30 162.13 -167.62 33.06 
  31 508.45 195.64 162.13 
  32 471.71 504.22 508.45 
  33 363.24 755.83 508.45 
  34 567.60 1115.50 508.45 
  35 685.76 1804.69 567.60 
  36 1125.62 1867.62 685.76 
  37 535.63 3056.53 1125.62 
  38 1066.66 4099.73 1125.62 
  39 854.70 4177.88 1125.62 
  40 1496.74 4740.48 1125.62 
  41 1109.17 4332.95 1496.74 
  42 1523.71 4060.83 1496.74 
  43 2284.81 3688.26 1523.71 
  44 2033.15 3854.57 2284.81 
  45 2479.86 6272.22 2284.81 
  46 2263.19 3648.02 2479.86 
  47 3035.93 4442.98 2479.86 
  48 3050.89 6100.20 3035.93 
  49 3577.85 7517.08 3050.89 
  50 3001.77 7307.52 3577.85 
  51 3596.73 6871.44 3577.85 
  52 3284.73 7867.20 3596.73 
  53 4033.80 6341.65 3596.73 
  54 4521.91 6534.16 4033.80 
  55 4509.08 7533.99 4521.91 
  56 4186.60 7791.58 4521.91 
  57 5359.68 7976.41 4521.91 
  58 5517.88 8455.16 5359.68 
  59 4409.75 8516.73 5517.88 
  60 5464.56 8319.56 5517.88 
  61 5210.99 8247.67 5517.88 
  62 5854.46 8878.89 5517.88 
  63 5709.63 8877.27 5854.46 
  64 6840.92 8997.74 5854.46 
  65 6493.61 9452.14 6840.92 
  66 6738.56 9645.96 6840.92 
  67 6243.09 9723.24 6840.92 
  68 6534.00 9818.56 6840.92 
  69 7484.76 9905.03 6840.92 
  70 6619.39 9682.16 7484.76 
  71 7090.46 9822.73 7484.76 
  72 6947.62 10295.70 7484.76 
  73 7360.94 10117.52 7484.76 
  74 8506.28 10467.19 7484.76 
  75 7284.99 10352.74 8506.28 
  76 8238.67 10760.25 8506.28 
  77 8546.86 10738.31 8506.28 
  78 8429.96 10735.47 8546.86 
  79 7847.00 10767.60 8546.86 
  80 8131.75 10895.73 8546.86 
  81 9602.09 11265.12 8546.86 
  82 8213.03 10731.31 9602.09 
  83 9871.61 11798.95 9602.09 
  84 8723.81 11913.90 9871.61 
  85 9134.86 12053.41 9871.61 
  86 8163.54 11851.15 9871.61 
  87 8907.14 11381.58 9871.61 
  88 9457.82 12540.64 9871.61 
  89 9189.32 11241.46 9871.61 
  90 9532.29 11148.23 9871.61 
  91 10398.87 12556.83 9871.61 
  92 9326.52 12266.04 10398.87 
  93 9777.66 12708.65 10398.87 
  94 9768.92 12034.68 10398.87 
  95 10358.83 11746.41 10398.87 
  96 10661.69 12892.06 10398.87 
  97 10491.08 12641.31 10661.69 
  98 10406.48 12549.00 10661.69 
  99 10589.73 13528.47 10661.69 
 100 10701.55 14105.55 10661.69 
 101 11563.73 12795.80 10701.55 
 102 11282.43 13011.67 11563.73 
 103 10937.46 13431.49 11563.73 
 104 10982.62 13779.16 11563.73 
 105 11482.99 13059.35 11563.73 
 106 11064.44 14019.31 11563.73 
 107 12073.74 14656.15 11563.73 
 108 12443.54 14106.61 12073.74 
 109 12689.99 14306.45 12443.54 
 110 12855.27 14808.30 12689.99 
 111 12754.80 14833.47 12855.27 
 112 12752.13 14884.97 12855.27 
 113 13106.26 14916.10 12855.27 
 114 13293.83 14867.75 13106.26 
 115 13199.27 14975.55 13293.83 
 116 12884.73 14938.21 13293.83 
 117 13589.72 14963.49 13293.83 
 118 12816.67 14759.42 13589.72 
 119 13351.36 14776.46 13589.72 
 120 13854.07 14081.24 13589.72 
 121 13644.22 14634.14 13854.07 
 122 12824.84 14635.36 13854.07 
 123 13904.41 15005.34 13854.07 
 124 12853.73 14920.23 13904.41 
 125 13871.62 15008.00 13904.41 
 126 13634.66 14712.07 13904.41 
 127 14026.87 14167.22 13904.41 
 128 13932.46 14306.23 14026.87 
 129 13777.58 14086.67 14026.87 
 130 13637.66 14476.77 14026.87 
 131 13870.74 14476.55 14026.87 
 132 13732.48 14107.00 14026.87 
 133 13979.83 14652.42 14026.87 
 134 14104.94 15193.51 14026.87 
 135 14058.49 14788.74 14104.94 
 136 14703.71 15268.10 14104.94 
 137 13566.11 14778.99 14703.71 
 138 13861.24 15306.40 14703.71 
 139 14130.17 15325.53 14703.71 
 140 13938.82 15341.72 14703.71 
 141 14416.04 15352.81 14703.71 
 142 14140.86 15410.21 14703.71 
 143 13916.32 15398.18 14703.71 
 144 14238.99 15451.50 14703.71 
 145 14284.58 15482.78 14703.71 
 146 14299.32 15508.86 14703.71 
 147 14689.06 14585.93 14703.71 
 148 14577.22 15508.91 14703.71 
 149 14319.14 15482.75 14703.71 
 150 14226.59 15490.86 14703.71 
 151 14449.12 15265.09 14703.71 
 152 13921.78 15443.51 14703.71 
 153 14185.39 15452.52 14703.71 
 154 13828.30 15457.49 14703.71 
 155 14415.83 15407.20 14703.71 
 156 14494.30 15347.14 14703.71 
 157 14523.61 14836.12 14703.71 
 158 14591.10 14953.96 14703.71 
 159 14097.29 15429.38 14703.71 
 160 14698.38 15394.10 14703.71 
 161 14248.65 15407.15 14703.71 
 162 14833.70 15422.31 14703.71 
 163 14749.90 15447.46 14833.70 
 164 14502.82 15411.17 14833.70 
 165 14692.66 15449.59 14833.70 
 166 14203.19 15488.83 14833.70 
 167 14761.47 15364.61 14833.70 
 168 14625.53 14909.54 14833.70 
 169 14503.14 15458.90 14833.70 
 170 14396.61 15132.07 14833.70 
 171 14299.42 15494.31 14833.70 
 172 14486.10 15564.34 14833.70 
 173 14168.85 15560.26 14833.70 
 174 15036.07 15229.30 14833.70 
 175 14586.22 15106.88 15036.07 
 176 15016.92 15184.94 15036.07 
 177 14740.17 15379.60 15036.07 
 178 14945.96 15118.34 15036.07 
 179 14517.89 15047.91 15036.07 
 180 14632.90 15395.28 15036.07 
 181 14726.65 14972.60 15036.07 
 182 14767.43 15007.52 15036.07 
 183 14907.67 15591.59 15036.07 
 184 14595.04 15619.78 15036.07 
 185 14725.71 15607.72 15036.07 
 186 14640.32 15519.82 15036.07 
 187 14633.59 15735.71 15036.07 
 188 14872.48 15738.81 15036.07 
 189 15104.74 15555.65 15036.07 
 190 15186.13 15029.09 15104.74 
 191 14804.81 15748.89 15186.13 
 192 14916.52 15253.08 15186.13 
 193 15091.25 15258.56 15186.13 
 194 15011.24 15272.00 15186.13 
 195 14742.33 15810.22 15186.13 
 196 15199.79 15797.14 15186.13 
 197 15025.62 15805.24 15199.79 
 198 15072.08 15814.48 15199.79 
 199 14871.57 15286.22 15199.79 
 200 15290.66 15829.36 15199.79 
 201 14781.00 15823.34 15290.66 
 202 14985.06 15840.56 15290.66 
 203 14867.86 15833.49 15290.66 
 204 15197.31 15835.43 15290.66 
 205 15246.43 15853.59 15290.66 
 206 15051.26 15832.50 15290.66 
 207 15006.16 15823.48 15290.66 
 208 15013.39 15887.90 15290.66 
 209 14844.99 15896.03 15290.66 
 210 15305.03 15888.88 15290.66 
 211 15302.89 15863.71 15305.03 
 212 15353.00 15360.82 15305.03 
 213 15251.92 15892.01 15353.00 
 214 15537.78 15908.19 15353.00 
 215 15251.49 15539.77 15537.78 
 216 15222.30 15947.42 15537.78 
 217 14985.24 15927.31 15537.78 
 218 15292.70 15958.51 15537.78 
 219 15046.81 15950.39 15537.78 
 220 15446.97 15936.38 15537.78 
 221 15479.13 15999.82 15537.78 
 222 15353.76 16011.00 15537.78 
 223 15489.97 16028.04 15537.78 
 224 15181.88 16036.15 15537.78 
 225 15250.70 16065.40 15537.78 
 226 15118.19 15680.09 15537.78 
 227 15730.20 16060.32 15537.78 
 228 15367.31 15969.01 15730.20 
 229 15528.28 16077.50 15730.20 
 230 15686.09 16084.56 15730.20 
 231 15702.67 16133.88 15730.20 
 232 15550.57 16120.82 15730.20 
 233 15135.30 16142.93 15730.20 
 234 15567.55 16145.08 15730.20 
 235 15534.74 16128.04 15730.20 
 236 15625.48 16155.12 15730.20 
 237 15679.59 16148.08 15730.20 
 238 15686.79 16169.31 15730.20 
 239 15389.87 16182.33 15730.20 
 240 15448.96 16221.58 15730.20 
 241 15792.62 16250.91 15730.20 
 242 15702.44 16150.41 15792.62 
 243 15443.05 16238.78 15792.62 
 244 15765.36 16225.65 15792.62 
 245 15592.86 16231.75 15792.62 
 246 15844.20 16229.77 15792.62 
 247 15401.29 16206.65 15844.20 
 248 15776.37 16220.63 15844.20 
 249 15853.22 16233.74 15844.20 
 250 15662.88 16243.82 15853.22 
 251 15610.47 16291.18 15853.22 
 252 15849.37 16322.39 15853.22 
 253 15534.32 16313.32 15853.22 
 254 15858.44 16318.58 15853.22 
 255 15469.97 16327.50 15858.44 
 256 15426.12 16334.49 15858.44 
 257 15724.33 16315.44 15858.44 
 258 15733.30 16340.62 15858.44 
 259 15785.19 16309.34 15858.44 
 260 15799.09 16321.48 15858.44 
 261 15655.68 16342.59 15858.44 
 262 15999.47 16332.54 15858.44 
 263 15915.90 16326.49 15999.47 
 264 16095.79 16383.93 15999.47 
 265 15901.14 16369.85 16095.79 
 266 15793.28 16354.75 16095.79 
 267 16064.56 16344.70 16095.79 
 268 16164.99 16396.03 16095.79 
 269 15839.48 16397.08 16164.99 
 270 15960.92 16410.17 16164.99 
 271 15965.92 16387.94 16164.99 
 272 15892.98 16421.21 16164.99 
 273 15983.92 16007.09 16164.99 
 274 16019.56 16429.27 16164.99 
 275 15906.43 16419.15 16164.99 
 276 15930.10 16418.25 16164.99 
 277 15723.12 16448.38 16164.99 
 278 16062.33 16444.43 16164.99 
 279 16052.71 16414.17 16164.99 
 280 15947.61 16430.24 16164.99 
 281 16019.30 16429.26 16164.99 
 282 15906.00 16426.23 16164.99 
 283 16027.80 16445.34 16164.99 
 284 16002.39 16454.49 16164.99 
 285 16172.60 16516.90 16164.99 
 286 16141.68 16509.91 16172.60 
 287 16330.58 16513.99 16172.60 
 288 16023.04 16521.03 16330.58 
 289 16184.34 16540.09 16330.58 
 290 16132.56 16566.37 16330.58 
 291 16070.75 16534.15 16330.58 
 292 16400.91 16575.46 16330.58 
 293 16276.13 16582.51 16400.91 
 294 16047.03 16576.38 16400.91 
 295 16161.08 16583.52 16400.91 
 296 16228.66 16565.38 16400.91 
 297 16123.61 16543.16 16400.91 
 298 15894.63 16528.07 16400.91 
 299 16227.51 16522.96 16400.91 
