Iter | Sampling Pol | Evaluation Pol | Best (Sampled) 
   0  7.75  0.00 -100000000.00 
   1  0.20  0.00  7.75 
   2  0.85  0.00  7.75 
   3  1.80  0.00  7.75 
   4  0.25  0.00  7.75 
   5  5.60  0.00  7.75 
   6  3.05  0.00  7.75 
   7  6.00  0.00  7.75 
   8 12.40  0.00  7.75 
   9  4.40  0.00 12.40 
  10  6.30  0.00 12.40 
  11  6.50  0.00 12.40 
  12  2.55  0.00 12.40 
  13  2.30  0.00 12.40 
  14  2.15  0.00 12.40 
  15  3.10  2.80 12.40 
  16  2.25  0.40 12.40 
  17  3.10  4.40 12.40 
  18  2.50  0.00 12.40 
  19  2.05  0.40 12.40 
  20  2.65  0.00 12.40 
  21  4.25  0.00 12.40 
  22 10.90  0.00 12.40 
  23  7.70  8.00 12.40 
  24  5.95  0.00 12.40 
  25  9.80  0.00 12.40 
  26 11.45 12.40 12.40 
  27  5.35 12.00 12.40 
  28  6.75  0.00 12.40 
  29 16.15  0.00 12.40 
  30 13.20  0.00 16.15 
  31  7.90 10.80 16.15 
  32 11.10  0.00 16.15 
  33 10.70  0.00 16.15 
  34 33.15  0.00 16.15 
  35 35.55  0.00 33.15 
  36 25.55 31.60 35.55 
  37 41.25 19.60 35.55 
  38 39.85  0.00 41.25 
  39 25.75  9.20 41.25 
  40 25.30  0.00 41.25 
  41 27.75  0.00 41.25 
  42 41.65 15.20 41.25 
  43 42.05  0.00 41.65 
  44 55.75 24.40 42.05 
  45 53.10  0.00 55.75 
  46 47.60 47.60 55.75 
  47 56.95 16.40 55.75 
  48 84.85 69.60 56.95 
  49 73.25 28.40 84.85 
  50 89.85 301.60 84.85 
  51 78.05 91.20 89.85 
  52 134.00 145.60 89.85 
  53 126.95 74.00 134.00 
  54 127.05 46.40 134.00 
  55 83.20 188.00 134.00 
  56 120.20 149.60 134.00 
  57 140.45 179.20 134.00 
  58 119.95 124.00 140.45 
  59 178.70 194.40 140.45 
  60 120.50 153.60 178.70 
  61 110.55 228.00 178.70 
  62 210.65 158.80 178.70 
  63 174.30 125.20 210.65 
  64 238.40 190.00 210.65 
  65 290.10 215.60 238.40 
  66 263.70 380.80 290.10 
  67 273.20 549.20 290.10 
  68 343.30 504.00 290.10 
  69 330.10 293.60 343.30 
  70 326.90 607.60 343.30 
  71 320.95 556.80 343.30 
  72 404.45 448.00 343.30 
  73 371.05 953.20 404.45 
  74 434.95 614.00 404.45 
  75 385.85 729.60 434.95 
  76 446.75 740.00 434.95 
  77 469.85 771.20 446.75 
  78 587.60 882.40 469.85 
  79 451.30 735.20 587.60 
  80 637.30 881.60 587.60 
  81 689.45 821.20 637.30 
  82 626.35 934.00 689.45 
  83 610.10 1036.80 689.45 
  84 677.25 1027.20 689.45 
  85 653.45 1208.00 689.45 
  86 718.35 939.60 689.45 
  87 725.45 947.60 718.35 
  88 757.60 1032.00 725.45 
  89 823.30 802.80 757.60 
  90 890.75 1195.20 823.30 
  91 902.85 1336.40 890.75 
  92 1065.05 1387.60 902.85 
  93 1035.45 1366.40 1065.05 
  94 916.40 1148.80 1065.05 
  95 1059.00 1110.80 1065.05 
  96 993.75 1458.40 1065.05 
  97 1149.25 1266.00 1065.05 
  98 1121.15 1464.80 1149.25 
  99 1143.80 1476.80 1149.25 
 100 1173.50 1607.20 1149.25 
 101 1176.95 1678.40 1173.50 
 102 971.15 1631.60 1176.95 
 103 1384.25 1553.60 1176.95 
 104 1348.60 1619.60 1384.25 
 105 1303.00 1746.00 1384.25 
 106 1439.40 1536.40 1384.25 
 107 1468.40 1817.20 1439.40 
 108 1709.35 1840.80 1468.40 
 109 1561.70 1979.20 1709.35 
 110 1583.00 1973.60 1709.35 
 111 1685.20 1842.40 1709.35 
 112 1593.50 1710.40 1709.35 
 113 1413.70 1907.20 1709.35 
 114 1889.55 1834.40 1709.35 
 115 1669.30 2189.60 1889.55 
 116 1725.40 2054.00 1889.55 
 117 1750.90 2258.40 1889.55 
 118 1899.25 2258.80 1889.55 
 119 1976.15 2214.00 1899.25 
 120 1732.00 2175.60 1976.15 
 121 1768.90 2325.20 1976.15 
 122 1861.55 2442.80 1976.15 
 123 1832.25 2390.00 1976.15 
 124 1834.40 2496.40 1976.15 
 125 1905.10 2357.60 1976.15 
 126 1999.85 2435.20 1976.15 
 127 1996.65 2243.60 1999.85 
 128 1919.45 2318.40 1999.85 
 129 1928.30 2262.00 1999.85 
 130 2115.05 2370.80 1999.85 
 131 2136.40 2333.20 2115.05 
 132 2203.65 2376.40 2136.40 
 133 2125.50 2549.60 2203.65 
 134 2074.20 2378.40 2203.65 
 135 2374.10 2536.80 2203.65 
 136 2201.10 2402.40 2374.10 
 137 2166.90 2526.80 2374.10 
 138 2297.60 2409.20 2374.10 
 139 2156.60 2521.60 2374.10 
 140 2368.40 2629.20 2374.10 
 141 2373.90 2700.00 2374.10 
 142 2161.05 2680.00 2374.10 
 143 2235.55 2756.00 2374.10 
 144 2279.10 2629.60 2374.10 
 145 2312.10 2522.00 2374.10 
 146 2260.80 2608.40 2374.10 
 147 2444.35 2443.60 2374.10 
 148 2423.15 2682.00 2444.35 
 149 2495.30 2602.80 2444.35 
 150 2467.75 2631.60 2495.30 
 151 2458.50 2726.40 2495.30 
 152 2531.90 2674.40 2495.30 
 153 2416.05 2710.40 2531.90 
 154 2508.00 2661.60 2531.90 
 155 2453.40 2734.00 2531.90 
 156 2575.40 2782.40 2531.90 
 157 2471.30 2801.60 2575.40 
 158 2584.85 2763.60 2575.40 
 159 2628.45 2713.20 2584.85 
 160 2675.25 2742.80 2628.45 
 161 2398.50 2838.00 2675.25 
 162 2392.45 2886.00 2675.25 
 163 2476.25 2883.60 2675.25 
 164 2568.05 2960.40 2675.25 
 165 2698.00 2931.60 2675.25 
 166 2622.90 3061.20 2698.00 
 167 2643.10 3197.60 2698.00 
 168 2677.70 3011.20 2698.00 
 169 2822.10 3030.40 2698.00 
 170 2414.55 3103.20 2822.10 
 171 2722.80 3098.80 2822.10 
 172 2632.20 2841.60 2822.10 
 173 2696.00 2743.20 2822.10 
 174 2595.05 2894.00 2822.10 
 175 2740.50 3102.40 2822.10 
 176 2700.90 3266.00 2822.10 
 177 2554.25 3009.60 2822.10 
 178 2809.30 3156.00 2822.10 
 179 2637.60 3153.20 2822.10 
 180 2751.80 3182.00 2822.10 
 181 2729.40 3185.20 2822.10 
 182 2821.55 3189.60 2822.10 
 183 2698.60 3271.20 2822.10 
 184 2706.85 3253.20 2822.10 
 185 2726.55 3291.60 2822.10 
 186 2852.35 3234.40 2822.10 
 187 2635.85 3282.40 2852.35 
 188 2704.05 3201.20 2852.35 
 189 2690.80 3246.40 2852.35 
 190 2652.70 3171.60 2852.35 
 191 2781.90 3028.00 2852.35 
 192 2722.90 3197.20 2852.35 
 193 2752.10 3312.40 2852.35 
 194 2793.70 3212.00 2852.35 
 195 2697.95 3131.60 2852.35 
 196 2740.85 3203.60 2852.35 
 197 2592.35 3303.20 2852.35 
 198 2670.20 3286.40 2852.35 
 199 2703.80 3192.80 2852.35 
 200 2642.25 3182.80 2852.35 
 201 2725.50 3166.00 2852.35 
 202 2786.20 3230.40 2852.35 
 203 2739.90 3098.00 2852.35 
 204 2746.55 3210.00 2852.35 
 205 2630.95 3180.40 2852.35 
 206 2740.75 3080.40 2852.35 
 207 2716.70 2944.00 2852.35 
 208 2664.85 3090.40 2852.35 
 209 2748.45 3267.20 2852.35 
 210 2763.15 2914.00 2852.35 
 211 2752.20 3152.40 2852.35 
 212 2638.70 3200.00 2852.35 
 213 2653.00 3196.80 2852.35 
 214 2691.35 3104.40 2852.35 
 215 2697.45 3283.60 2852.35 
 216 2780.40 3304.40 2852.35 
 217 2726.05 3298.40 2852.35 
 218 2761.45 3215.60 2852.35 
 219 2804.40 3410.40 2852.35 
 220 2917.00 3330.40 2852.35 
 221 2942.25 3275.20 2917.00 
 222 2904.40 3324.40 2942.25 
 223 2926.60 3200.80 2942.25 
 224 2792.75 3404.00 2942.25 
 225 2795.85 3446.40 2942.25 
 226 2800.30 3344.80 2942.25 
 227 2738.50 3349.20 2942.25 
 228 2781.95 3354.80 2942.25 
 229 2830.20 3353.60 2942.25 
 230 2826.80 3265.60 2942.25 
 231 2730.15 3357.60 2942.25 
 232 2914.95 3357.20 2942.25 
 233 2794.65 3318.40 2942.25 
 234 2765.85 3346.80 2942.25 
 235 2729.05 3408.80 2942.25 
 236 2747.65 3324.80 2942.25 
 237 2665.15 3386.80 2942.25 
 238 2556.35 3285.20 2942.25 
 239 2772.15 3200.80 2942.25 
 240 2732.95 3282.00 2942.25 
 241 2723.65 3301.60 2942.25 
 242 2598.70 3220.40 2942.25 
 243 2664.95 3214.40 2942.25 
 244 2734.35 3218.00 2942.25 
 245 2718.00 3303.20 2942.25 
 246 2732.35 3246.80 2942.25 
 247 2761.00 3255.20 2942.25 
 248 2796.05 3214.80 2942.25 
 249 2752.55 3044.80 2942.25 
 250 2693.80 3256.80 2942.25 
 251 2713.35 3280.40 2942.25 
 252 2676.65 3220.40 2942.25 
 253 2593.75 3129.20 2942.25 
 254 2745.55 2972.40 2942.25 
 255 2706.20 3147.20 2942.25 
 256 2772.50 3221.20 2942.25 
 257 2872.75 3215.20 2942.25 
 258 2742.95 3328.40 2942.25 
 259 2520.40 3244.40 2942.25 
 260 2733.50 3246.00 2942.25 
 261 2608.30 3216.80 2942.25 
 262 2638.55 3194.80 2942.25 
 263 2673.70 3322.00 2942.25 
 264 2652.10 3220.40 2942.25 
 265 2801.60 3112.80 2942.25 
 266 2635.45 3047.20 2942.25 
 267 2594.90 3271.60 2942.25 
 268 2574.30 3346.40 2942.25 
 269 2749.10 3038.40 2942.25 
 270 2718.10 3346.00 2942.25 
 271 2652.45 3184.40 2942.25 
 272 2773.30 3027.20 2942.25 
 273 2790.80 3001.60 2942.25 
 274 2694.85 3177.20 2942.25 
 275 2684.60 3195.60 2942.25 
 276 2582.30 3302.00 2942.25 
 277 2646.40 3248.40 2942.25 
 278 2642.90 3126.40 2942.25 
 279 2562.50 3200.40 2942.25 
 280 2634.00 3170.00 2942.25 
 281 2529.10 3064.80 2942.25 
 282 2662.35 3191.60 2942.25 
 283 2727.30 3189.60 2942.25 
 284 2676.15 3213.60 2942.25 
 285 2694.35 3143.60 2942.25 
 286 2829.85 3098.80 2942.25 
 287 2721.70 3125.60 2942.25 
 288 2636.35 2969.20 2942.25 
 289 2598.65 3214.00 2942.25 
 290 2702.10 3140.40 2942.25 
 291 2534.05 3063.20 2942.25 
 292 2418.25 3036.00 2942.25 
 293 2561.60 2938.40 2942.25 
 294 2516.10 2885.60 2942.25 
 295 2414.50 3042.00 2942.25 
 296 2360.70 2966.40 2942.25 
 297 2455.65 3178.40 2942.25 
 298 2497.75 2920.40 2942.25 
 299 2593.20 3043.60 2942.25 
