Iter | Sampling Pol | Evaluation Pol | Best (Sampled) 
   0 -31.50 65.76 -100000000.00 
   1 -39.00 103.10 -31.50 
   2 -27.70 134.43 -31.50 
   3 -30.75 64.86 -27.70 
   4 -19.40 87.52 -27.70 
   5 -11.84 129.10 -19.40 
   6  9.87 153.98 -11.84 
   7 -11.89 278.77  9.87 
   8 -2.39 317.06  9.87 
   9 28.19 220.54  9.87 
  10 72.77 281.74 28.19 
  11 72.52 284.98 72.77 
  12 108.51 424.07 72.77 
  13 171.41 333.40 108.51 
  14 214.26 436.74 171.41 
  15 204.53 508.98 214.26 
  16 320.59 573.02 214.26 
  17 354.85 578.51 320.59 
  18 400.16 659.86 354.85 
  19 493.26 652.82 400.16 
  20 523.13 631.83 493.26 
  21 542.63 680.07 523.13 
  22 667.36 707.92 542.63 
  23 686.85 849.00 667.36 
  24 629.30 790.67 686.85 
  25 732.38 713.36 686.85 
  26 794.29 805.27 732.38 
  27 917.05 807.84 794.29 
  28 891.85 935.93 917.05 
  29 963.93 981.24 917.05 
  30 1080.71 928.26 963.93 
  31 1026.11 944.04 1080.71 
  32 1087.82 979.34 1080.71 
  33 1159.48 1047.93 1087.82 
  34 1198.70 1040.17 1159.48 
  35 1317.34 1084.69 1198.70 
  36 1313.56 1118.00 1317.34 
  37 1336.98 1080.86 1317.34 
  38 1474.55 1041.63 1336.98 
  39 1435.86 1087.13 1474.55 
  40 1542.22 938.89 1474.55 
  41 1609.63 965.93 1542.22 
  42 1622.10 1068.12 1609.63 
  43 1648.82 1005.28 1622.10 
  44 1731.90 1062.82 1648.82 
  45 1657.19 1157.95 1731.90 
  46 1777.01 992.57 1731.90 
  47 1766.42 1123.35 1777.01 
  48 1886.88 1303.54 1777.01 
  49 1797.82 1029.31 1886.88 
  50 1829.07 966.29 1886.88 
  51 1927.33 1193.21 1886.88 
  52 1859.45 1339.23 1927.33 
  53 1983.73 1416.90 1927.33 
  54 2056.63 1373.06 1983.73 
  55 2043.36 1709.34 2056.63 
  56 2109.83 1573.80 2056.63 
  57 2107.73 1714.53 2109.83 
  58 2134.43 1755.55 2109.83 
  59 2134.24 1714.20 2134.43 
  60 2243.73 1683.33 2134.43 
  61 2273.67 1963.52 2243.73 
  62 2205.34 1997.59 2273.67 
  63 2302.30 1825.24 2273.67 
  64 2192.10 2125.21 2302.30 
  65 2248.95 2217.70 2302.30 
  66 2271.80 2177.43 2302.30 
  67 2238.78 2183.60 2302.30 
  68 2328.74 2114.55 2302.30 
  69 2317.19 2105.82 2328.74 
  70 2274.96 2074.53 2328.74 
  71 2263.65 2391.47 2328.74 
  72 2276.46 2160.43 2328.74 
  73 2233.48 2261.31 2328.74 
  74 2329.90 2098.87 2328.74 
  75 2374.38 2332.41 2329.90 
  76 2290.47 2327.62 2374.38 
  77 2346.60 2433.88 2374.38 
  78 2351.36 2380.62 2374.38 
  79 2426.31 2222.08 2374.38 
  80 2426.87 2333.83 2426.31 
  81 2422.54 2494.54 2426.87 
  82 2439.87 2436.12 2426.87 
  83 2427.24 2465.98 2439.87 
  84 2404.16 2478.86 2439.87 
  85 2465.26 2467.74 2439.87 
  86 2455.13 2543.60 2465.26 
  87 2459.00 2585.88 2465.26 
  88 2447.34 2532.29 2465.26 
  89 2451.15 2580.30 2465.26 
  90 2447.62 2402.82 2465.26 
  91 2471.97 2586.17 2465.26 
  92 2507.64 2545.58 2471.97 
  93 2487.23 2592.05 2507.64 
  94 2480.07 2436.93 2507.64 
  95 2486.18 2349.06 2507.64 
  96 2464.19 2569.13 2507.64 
  97 2503.80 2467.99 2507.64 
  98 2540.10 2511.42 2507.64 
  99 2432.93 2491.40 2540.10 
 100 2453.93 2514.47 2540.10 
 101 2493.18 2503.23 2540.10 
 102 2498.95 2547.89 2540.10 
 103 2438.04 2452.33 2540.10 
 104 2497.87 2433.21 2540.10 
 105 2442.45 2628.89 2540.10 
 106 2524.11 2628.06 2540.10 
 107 2532.01 2577.70 2540.10 
 108 2545.74 2625.04 2540.10 
 109 2554.96 2633.19 2545.74 
 110 2507.90 2626.11 2554.96 
 111 2543.15 2648.22 2554.96 
 112 2463.69 2649.47 2554.96 
 113 2528.04 2602.80 2554.96 
 114 2580.43 2556.25 2554.96 
 115 2502.39 2626.47 2580.43 
 116 2532.98 2629.50 2580.43 
 117 2541.98 2622.41 2580.43 
 118 2567.45 2622.74 2580.43 
 119 2505.84 2619.41 2580.43 
 120 2560.05 2628.00 2580.43 
 121 2529.77 2643.32 2580.43 
 122 2561.26 2648.29 2580.43 
 123 2555.92 2647.10 2580.43 
 124 2555.08 2669.32 2580.43 
 125 2546.64 2587.43 2580.43 
 126 2568.70 2684.74 2580.43 
 127 2554.45 2672.34 2580.43 
 128 2602.04 2693.61 2580.43 
 129 2567.43 2647.72 2602.04 
 130 2553.76 2600.22 2602.04 
 131 2508.67 2675.01 2602.04 
 132 2575.34 2690.11 2602.04 
 133 2600.43 2691.83 2602.04 
 134 2563.65 2698.85 2602.04 
 135 2604.67 2708.41 2602.04 
 136 2629.52 2698.63 2604.67 
 137 2525.65 2700.34 2629.52 
 138 2570.54 2683.90 2629.52 
 139 2534.52 2652.01 2629.52 
 140 2562.01 2712.30 2629.52 
 141 2608.36 2723.01 2629.52 
 142 2629.18 2732.42 2629.52 
 143 2620.93 2731.84 2629.52 
 144 2583.12 2748.39 2629.52 
 145 2610.33 2710.52 2629.52 
 146 2645.15 2754.30 2629.52 
 147 2624.09 2738.54 2645.15 
 148 2618.25 2700.64 2645.15 
 149 2620.61 2751.94 2645.15 
 150 2630.13 2715.28 2645.15 
 151 2656.40 2770.02 2645.15 
 152 2623.15 2665.78 2656.40 
 153 2588.71 2742.96 2656.40 
 154 2632.88 2747.08 2656.40 
 155 2629.01 2757.45 2656.40 
 156 2589.38 2756.16 2656.40 
 157 2580.52 2704.36 2656.40 
 158 2604.90 2727.10 2656.40 
 159 2649.52 2766.27 2656.40 
 160 2656.25 2784.33 2656.40 
 161 2680.77 2792.36 2656.40 
 162 2657.30 2795.84 2680.77 
 163 2597.73 2757.58 2680.77 
 164 2669.71 2762.85 2680.77 
 165 2664.14 2799.22 2680.77 
 166 2610.11 2736.72 2680.77 
 167 2683.14 2791.67 2680.77 
 168 2663.08 2791.33 2683.14 
 169 2647.99 2795.50 2683.14 
 170 2632.61 2737.35 2683.14 
 171 2618.25 2781.67 2683.14 
 172 2581.51 2772.68 2683.14 
 173 2660.16 2800.47 2683.14 
 174 2654.93 2657.12 2683.14 
 175 2680.93 2765.29 2683.14 
 176 2590.96 2711.91 2683.14 
 177 2687.60 2762.86 2683.14 
 178 2709.02 2828.41 2687.60 
 179 2683.09 2833.33 2709.02 
 180 2720.51 2854.52 2709.02 
 181 2772.09 2829.29 2720.51 
 182 2736.07 2885.86 2772.09 
 183 2788.98 2779.24 2772.09 
 184 2756.60 2868.61 2788.98 
 185 2744.45 2810.64 2788.98 
 186 2798.09 2917.54 2788.98 
 187 2729.30 2921.09 2798.09 
 188 2774.64 2928.52 2798.09 
 189 2746.82 2941.46 2798.09 
 190 2769.82 2933.23 2798.09 
 191 2788.83 2929.80 2798.09 
 192 2783.18 2948.52 2798.09 
 193 2823.48 2959.28 2798.09 
 194 2876.41 2907.42 2823.48 
 195 2851.49 2942.27 2876.41 
 196 2725.64 2941.23 2876.41 
 197 2773.30 2936.06 2876.41 
 198 2858.11 2937.43 2876.41 
 199 2831.91 2974.28 2876.41 
 200 2809.39 2940.76 2876.41 
 201 2821.70 2990.62 2876.41 
 202 2848.26 2991.12 2876.41 
 203 2839.06 2901.04 2876.41 
 204 2857.71 2887.44 2876.41 
 205 2805.80 2947.01 2876.41 
 206 2818.42 2991.35 2876.41 
 207 2870.37 2833.66 2876.41 
 208 2820.01 2824.73 2876.41 
 209 2843.67 2910.12 2876.41 
 210 2858.72 2967.14 2876.41 
 211 2832.83 2911.47 2876.41 
 212 2893.08 3008.70 2876.41 
 213 2924.19 2794.94 2893.08 
 214 2896.63 2963.94 2924.19 
 215 2839.41 2969.52 2924.19 
 216 2948.49 3009.14 2924.19 
 217 2913.16 3009.88 2948.49 
 218 2907.56 2919.74 2948.49 
 219 2894.85 3033.42 2948.49 
 220 2914.16 3027.86 2948.49 
 221 2942.40 2976.74 2948.49 
 222 2955.19 3024.55 2948.49 
 223 2962.24 2952.64 2955.19 
 224 2899.97 2873.97 2962.24 
 225 2974.74 2939.83 2962.24 
 226 2945.83 3052.06 2974.74 
 227 2926.90 3058.78 2974.74 
 228 2939.28 3060.81 2974.74 
 229 2967.22 2969.00 2974.74 
 230 2947.73 3058.23 2974.74 
 231 2943.38 3057.31 2974.74 
 232 2927.78 3022.43 2974.74 
 233 2931.15 3068.10 2974.74 
 234 2972.18 3020.28 2974.74 
 235 2930.75 3077.67 2974.74 
 236 2968.65 3074.75 2974.74 
 237 2998.82 2967.96 2974.74 
 238 3022.16 3043.44 2998.82 
 239 2998.46 3069.15 3022.16 
 240 2974.34 3038.42 3022.16 
 241 2936.85 2999.70 3022.16 
 242 2989.89 3084.42 3022.16 
 243 2960.05 3001.13 3022.16 
 244 3015.44 2993.18 3022.16 
 245 3001.00 3090.09 3022.16 
 246 3046.42 3084.37 3022.16 
 247 3028.74 3081.36 3046.42 
 248 2999.00 3075.81 3046.42 
 249 3026.71 3088.24 3046.42 
 250 3018.50 3087.60 3046.42 
 251 3025.65 3097.74 3046.42 
 252 2990.37 3051.23 3046.42 
 253 2995.94 3100.83 3046.42 
 254 3012.85 3102.98 3046.42 
 255 2978.76 3095.68 3046.42 
 256 3037.33 3095.41 3046.42 
 257 3026.75 3095.67 3046.42 
 258 3042.92 3004.56 3046.42 
 259 3003.51 3101.52 3046.42 
 260 2957.57 3095.07 3046.42 
 261 3037.29 3101.53 3046.42 
 262 3039.15 3052.24 3046.42 
 263 3055.97 3105.48 3046.42 
 264 3044.08 3109.13 3055.97 
 265 3019.20 3108.71 3055.97 
 266 3038.26 3110.12 3055.97 
 267 3021.09 3114.73 3055.97 
 268 3021.24 3064.17 3055.97 
 269 3035.44 3114.82 3055.97 
 270 3024.74 3111.41 3055.97 
 271 3059.67 3014.60 3055.97 
 272 3021.27 3102.80 3059.67 
 273 3069.20 3012.02 3059.67 
 274 3015.91 3119.31 3069.20 
 275 3013.73 3116.25 3069.20 
 276 3018.82 3015.41 3069.20 
 277 3065.97 3071.08 3069.20 
 278 3040.20 3119.54 3069.20 
 279 3058.14 3118.73 3069.20 
 280 3029.98 3120.25 3069.20 
 281 3034.93 3126.30 3069.20 
 282 3039.22 3026.79 3069.20 
 283 3015.82 3080.47 3069.20 
 284 3057.48 3028.36 3069.20 
 285 3065.35 3124.36 3069.20 
 286 3054.63 3134.46 3069.20 
 287 3042.91 3135.87 3069.20 
 288 2989.47 3121.61 3069.20 
 289 3055.46 3122.88 3069.20 
 290 3041.89 3126.26 3069.20 
 291 3028.23 3078.97 3069.20 
 292 3022.44 3122.50 3069.20 
 293 3050.41 3129.87 3069.20 
 294 3017.20 3023.38 3069.20 
 295 3056.52 2982.09 3069.20 
 296 3028.54 3129.49 3069.20 
 297 3031.78 3134.56 3069.20 
 298 3020.32 3125.91 3069.20 
 299 3042.42 3072.39 3069.20 
