Iter | Sampling Pol | Evaluation Pol | Best (Sampled) 
   0 -180.55 -178.89 -100000000.00 
   1 -181.15 -179.18 -180.55 
   2 -175.25 -178.24 -180.55 
   3 -181.02 -169.09 -175.25 
   4 -173.91 -176.85 -175.25 
   5 -167.38 -177.64 -173.91 
   6 -163.48 -179.66 -167.38 
   7 -153.82 -93.68 -163.48 
   8 -179.51 -130.42 -153.82 
   9 -110.32 -178.95 -153.82 
  10 -168.88 -176.34 -110.32 
  11 -168.80 -175.65 -110.32 
  12 -144.20 -127.00 -110.32 
  13 -178.65 28.44 -110.32 
  14 -24.93 -127.97 -110.32 
  15 -27.62 166.02 -24.93 
  16 70.09 -166.56 -24.93 
  17 -12.22 -129.99 70.09 
  18 -89.85 -95.01 70.09 
  19 128.70 459.29 70.09 
  20 84.59 914.30 128.70 
  21 232.87 1249.00 128.70 
  22 93.66 1318.05 232.87 
  23 343.40 1251.35 232.87 
  24 265.09 1933.21 343.40 
  25 299.60 1324.27 343.40 
  26 671.43 1457.53 343.40 
  27 372.87 826.88 671.43 
  28 689.43 1714.93 671.43 
  29 778.88 2424.56 689.43 
  30 632.02 3164.78 778.88 
  31 1153.79 4422.51 778.88 
  32 1314.80 3870.72 1153.79 
  33 1334.16 4572.85 1314.80 
  34 1648.80 5086.92 1334.16 
  35 1439.77 5278.12 1648.80 
  36 2654.94 6368.73 1648.80 
  37 2828.00 7572.37 2654.94 
  38 3205.68 8834.23 2828.00 
  39 3194.57 8104.59 3205.68 
  40 3644.04 7846.54 3205.68 
  41 4414.70 9495.94 3644.04 
  42 4263.23 10089.93 4414.70 
  43 5683.01 10399.56 4414.70 
  44 5010.71 10616.07 5683.01 
  45 6022.12 11507.33 5683.01 
  46 5760.63 11263.86 6022.12 
  47 6142.54 11824.08 6022.12 
  48 6306.32 11312.44 6142.54 
  49 6570.70 11955.85 6306.32 
  50 7909.28 11655.94 6570.70 
  51 7493.57 12286.86 7909.28 
  52 7655.11 13296.33 7909.28 
  53 7674.27 12904.69 7909.28 
  54 8571.57 12373.22 7909.28 
  55 9163.79 12753.85 8571.57 
  56 9009.49 12420.83 9163.79 
  57 9290.46 11911.70 9163.79 
  58 9040.44 13112.30 9290.46 
  59 9571.04 12513.91 9290.46 
  60 9405.22 13347.49 9571.04 
  61 10153.51 13379.76 9571.04 
  62 10277.92 13560.22 10153.51 
  63 10905.90 13494.12 10277.92 
  64 10923.51 13156.84 10905.90 
  65 10172.70 13161.03 10923.51 
  66 10375.40 13684.26 10923.51 
  67 10599.47 13790.81 10923.51 
  68 10568.28 13445.65 10923.51 
  69 11314.83 14036.08 10923.51 
  70 11239.91 13862.82 11314.83 
  71 11807.77 13080.69 11314.83 
  72 11443.42 14436.36 11807.77 
  73 11837.22 14421.45 11807.77 
  74 11763.95 14631.92 11837.22 
  75 11818.95 14587.56 11837.22 
  76 11446.48 14221.42 11837.22 
  77 12583.89 14683.42 11837.22 
  78 12013.38 14706.59 12583.89 
  79 12100.18 14339.65 12583.89 
  80 12693.26 14800.22 12583.89 
  81 12826.80 14830.49 12693.26 
  82 11969.23 14874.91 12826.80 
  83 12539.90 14864.75 12826.80 
  84 12676.44 14919.12 12826.80 
  85 13245.35 14976.70 12826.80 
  86 13017.89 15048.31 13245.35 
  87 12343.55 14557.73 13245.35 
  88 13085.69 15038.17 13245.35 
  89 12680.53 15034.12 13245.35 
  90 13012.29 14707.71 13245.35 
  91 13634.80 15172.25 13245.35 
  92 13209.15 15231.73 13634.80 
  93 12940.00 15183.35 13634.80 
  94 13206.30 14869.96 13634.80 
  95 13625.80 15364.65 13634.80 
  96 13511.99 15325.39 13634.80 
  97 13274.36 15323.41 13634.80 
  98 13840.13 15318.34 13634.80 
  99 13583.86 14825.04 13840.13 
 100 13864.93 15436.30 13840.13 
 101 14547.02 15518.89 13864.93 
 102 13771.56 15492.61 14547.02 
 103 14314.91 15494.80 14547.02 
 104 14032.53 15522.00 14547.02 
 105 14369.21 15061.73 14547.02 
 106 14627.81 15520.95 14547.02 
 107 14248.81 15491.75 14627.81 
 108 14053.09 15610.63 14627.81 
 109 14392.11 15716.50 14627.81 
 110 14182.48 15675.21 14627.81 
 111 14649.02 15776.00 14627.81 
 112 14335.49 15779.04 14649.02 
 113 14210.80 15807.21 14649.02 
 114 13816.75 15852.62 14649.02 
 115 14635.63 15847.60 14649.02 
 116 13499.39 15870.71 14649.02 
 117 14423.66 15869.66 14649.02 
 118 14593.63 15817.89 14649.02 
 119 14868.21 15927.23 14649.02 
 120 14364.16 16009.91 14868.21 
 121 14207.66 15766.65 14868.21 
 122 14395.85 15963.82 14868.21 
 123 14531.94 16016.89 14868.21 
 124 14911.27 16014.93 14868.21 
 125 14727.78 15853.06 14911.27 
 126 14556.12 16064.29 14911.27 
 127 14867.73 16085.43 14911.27 
 128 14831.97 16105.60 14911.27 
 129 14788.36 16121.75 14911.27 
 130 15050.61 15652.57 14911.27 
 131 14558.31 16112.68 15050.61 
 132 14866.04 16094.60 15050.61 
 133 14310.94 16071.40 15050.61 
 134 14809.16 16094.58 15050.61 
 135 15226.28 16137.94 15050.61 
 136 15249.83 15750.49 15226.28 
 137 15044.79 16220.58 15249.83 
 138 15033.20 16168.29 15249.83 
 139 14871.44 16203.47 15249.83 
 140 14671.55 16182.34 15249.83 
 141 15043.59 16211.61 15249.83 
 142 15278.73 16195.53 15249.83 
 143 14719.07 16183.41 15278.73 
 144 14816.47 16134.98 15278.73 
 145 14835.01 16140.10 15278.73 
 146 14726.62 16148.09 15278.73 
 147 15315.78 16199.57 15278.73 
 148 15584.75 16281.16 15315.78 
 149 14797.72 16257.92 15584.75 
 150 15582.71 16240.86 15584.75 
 151 15096.37 16307.38 15584.75 
 152 15378.33 15909.42 15584.75 
 153 15177.48 16354.72 15584.75 
 154 15259.95 16333.55 15584.75 
 155 15403.24 16365.84 15584.75 
 156 15673.16 16379.95 15584.75 
 157 15516.00 15722.09 15673.16 
 158 15272.87 16018.22 15673.16 
 159 15609.92 16355.16 15673.16 
 160 15516.38 16450.46 15673.16 
 161 15544.04 15952.23 15673.16 
 162 15522.40 16438.34 15673.16 
 163 15408.30 16304.31 15673.16 
 164 15829.66 16472.67 15673.16 
 165 15698.70 16491.80 15829.66 
 166 15376.81 16546.22 15829.66 
 167 15492.67 16543.25 15829.66 
 168 15612.03 16502.51 15829.66 
 169 15866.43 16598.60 15829.66 
 170 15675.52 16614.79 15866.43 
 171 15644.02 16612.75 15866.43 
 172 15867.67 16559.33 15866.43 
 173 15390.00 16547.23 15867.67 
 174 15856.34 16554.24 15867.67 
 175 16076.67 16573.49 15867.67 
 176 15908.21 16136.64 16076.67 
 177 15997.67 16631.91 16076.67 
 178 16052.09 16667.16 16076.67 
 179 16083.70 16679.27 16076.67 
 180 15823.92 16671.19 16083.70 
 181 15842.39 16666.14 16083.70 
 182 15942.51 16666.23 16083.70 
 183 15736.54 16691.41 16083.70 
 184 15948.13 16674.25 16083.70 
 185 16159.45 16684.35 16083.70 
 186 15791.81 16706.47 16159.45 
 187 16011.86 16726.68 16159.45 
 188 15933.72 16740.82 16159.45 
 189 15939.72 16774.06 16159.45 
 190 16219.39 16782.09 16159.45 
 191 16079.36 16770.02 16219.39 
 192 15967.99 16765.98 16219.39 
 193 15818.80 16355.82 16219.39 
 194 15819.98 16711.66 16219.39 
 195 16146.21 16738.83 16219.39 
 196 16266.18 16763.97 16219.39 
 197 16311.60 16777.10 16266.18 
 198 16184.30 16785.14 16311.60 
 199 16335.22 16805.29 16311.60 
 200 15933.98 16796.25 16335.22 
 201 16166.71 16815.36 16335.22 
 202 16213.35 16797.26 16335.22 
 203 16062.49 16839.56 16335.22 
 204 16266.88 16848.63 16335.22 
 205 16572.44 16849.71 16335.22 
 206 16418.17 16869.84 16572.44 
 207 16349.33 16864.85 16572.44 
 208 16369.33 16857.79 16572.44 
 209 15964.60 16862.74 16572.44 
 210 16248.66 16883.88 16572.44 
 211 16220.00 16907.09 16572.44 
 212 16454.85 16881.89 16572.44 
 213 16420.89 16893.94 16572.44 
 214 16216.44 16895.95 16572.44 
 215 16444.66 16935.28 16572.44 
 216 16297.48 16959.41 16572.44 
 217 16379.11 16953.39 16572.44 
 218 16499.05 16919.22 16572.44 
 219 16513.77 16927.29 16572.44 
 220 16125.07 16917.16 16572.44 
 221 16461.41 16897.03 16572.44 
 222 16409.69 16886.90 16572.44 
 223 16013.59 16855.78 16572.44 
 224 16550.10 16880.87 16572.44 
 225 16404.16 16905.02 16572.44 
 226 16441.68 16887.93 16572.44 
 227 16305.96 16899.97 16572.44 
 228 16556.66 16913.12 16572.44 
 229 16430.85 16915.15 16572.44 
 230 16529.56 16915.17 16572.44 
 231 16395.71 16959.51 16572.44 
 232 16368.35 16962.54 16572.44 
 233 16486.95 16970.51 16572.44 
 234 16505.99 16940.35 16572.44 
 235 16519.62 16951.48 16572.44 
 236 16306.87 16942.40 16572.44 
 237 16484.86 16961.52 16572.44 
 238 16711.39 16979.69 16572.44 
 239 16233.15 16993.71 16711.39 
 240 16613.10 16956.50 16711.39 
 241 16490.59 16995.73 16711.39 
 242 16723.04 16973.62 16711.39 
 243 16475.28 16994.80 16723.04 
 244 16716.07 16993.82 16723.04 
 245 16666.51 17016.84 16723.04 
 246 16604.17 16988.72 16723.04 
 247 16784.34 16989.77 16723.04 
 248 16720.98 17009.85 16784.34 
 249 16719.22 17032.04 16784.34 
 250 16866.42 17066.31 16784.34 
 251 16686.09 17066.34 16866.42 
 252 16901.28 17110.73 16866.42 
 253 16415.01 17098.58 16901.28 
 254 16743.53 17122.80 16901.28 
 255 16886.20 17118.70 16901.28 
 256 16726.28 17109.66 16901.28 
 257 16777.01 17129.75 16901.28 
 258 16830.89 17116.84 16901.28 
 259 16861.70 17153.99 16901.28 
 260 16762.90 17145.98 16901.28 
 261 17000.75 17179.24 16901.28 
 262 16848.63 17182.26 17000.75 
 263 16790.96 17166.21 17000.75 
 264 16691.56 16996.92 17000.75 
 265 16809.47 17186.28 17000.75 
 266 16691.38 16678.04 17000.75 
 267 16850.31 17148.06 17000.75 
 268 16796.91 17159.15 17000.75 
 269 16820.28 17167.20 17000.75 
 270 16818.91 17175.20 17000.75 
 271 16740.72 17056.11 17000.75 
 272 16854.15 16365.21 17000.75 
 273 16789.02 17205.46 17000.75 
 274 16755.17 17187.30 17000.75 
 275 16607.17 17197.38 17000.75 
 276 16780.17 16745.52 17000.75 
 277 16478.80 17220.55 17000.75 
 278 16838.68 17197.39 17000.75 
 279 16792.26 17173.30 17000.75 
 280 16927.17 17196.46 17000.75 
 281 16771.91 17206.50 17000.75 
 282 16765.67 17226.58 17000.75 
 283 16750.08 17196.41 17000.75 
 284 17056.59 17205.51 17000.75 
 285 16893.91 17215.59 17056.59 
 286 16845.48 17222.59 17056.59 
 287 16928.11 17232.61 17056.59 
 288 16774.56 17248.77 17056.59 
 289 16745.72 17238.79 17056.59 
 290 16931.00 17218.66 17056.59 
 291 17049.29 17215.69 17056.59 
 292 16874.65 17226.60 17056.59 
 293 17077.59 17250.82 17056.59 
 294 16810.25 17233.63 17077.59 
 295 16894.41 17198.48 17077.59 
 296 16977.94 17247.82 17077.59 
 297 17010.54 17226.69 17077.59 
 298 16994.70 17239.74 17077.59 
 299 16804.05 17240.79 17077.59 
