Iter | Sampling Pol | Evaluation Pol | Best (Sampled) 
   0 -181.71 -181.11 -100000000.00 
   1 -181.63 -182.00 -181.71 
   2 -181.49 -181.30 -181.63 
   3 -160.86 -181.82 -181.49 
   4 -181.01 -180.44 -160.86 
   5 -172.72 -154.65 -160.86 
   6 -180.65 -181.45 -160.86 
   7 -172.00 -181.09 -160.86 
   8 -174.44 -175.08 -160.86 
   9 -137.62 -182.00 -160.86 
  10 -128.74 -169.54 -137.62 
  11 -134.90 -181.43 -128.74 
  12 -92.85 -163.14 -128.74 
  13 -162.98 -181.75 -92.85 
  14 -128.43 -165.39 -92.85 
  15 -141.84 -144.34 -92.85 
  16 -44.03 -181.58 -92.85 
  17 -53.50 -139.47 -44.03 
  18 -26.64 -180.26 -44.03 
  19 29.80 -163.76 -26.64 
  20 109.80 14.58 29.80 
  21 189.27 496.29 109.80 
  22 469.21 687.36 189.27 
  23 343.00 1443.39 469.21 
  24 720.50 1118.31 469.21 
  25 426.36 1368.69 720.50 
  26 991.77 1586.75 720.50 
  27 1017.34 1353.21 991.77 
  28 1233.95 1441.43 1017.34 
  29 1618.47 2132.76 1233.95 
  30 1853.45 3232.82 1618.47 
  31 1581.56 3162.36 1853.45 
  32 1890.69 3906.33 1853.45 
  33 2112.51 5459.63 1890.69 
  34 3316.32 6071.01 2112.51 
  35 3338.13 7090.65 3316.32 
  36 3648.53 7764.13 3338.13 
  37 3904.15 8789.55 3648.53 
  38 4107.56 9245.11 3904.15 
  39 4899.87 10329.27 4107.56 
  40 4185.20 9635.82 4899.87 
  41 5450.10 10578.93 4899.87 
  42 6164.42 10305.34 5450.10 
  43 5356.05 10795.27 6164.42 
  44 6156.15 10587.59 6164.42 
  45 6999.85 11859.93 6164.42 
  46 7657.34 11427.26 6999.85 
  47 7576.28 11613.41 7657.34 
  48 8487.67 11095.05 7657.34 
  49 8491.02 11200.24 8487.67 
  50 8263.68 11492.38 8491.02 
  51 8904.95 11891.02 8491.02 
  52 9124.69 12408.25 8904.95 
  53 9542.06 12230.64 9124.69 
  54 9955.05 12470.70 9542.06 
  55 9552.47 11119.59 9955.05 
  56 10107.83 11507.88 9955.05 
  57 10305.49 12142.14 10107.83 
  58 10199.13 12804.50 10305.49 
  59 9455.33 11374.26 10305.49 
  60 10199.29 12166.12 10305.49 
  61 11113.23 12445.35 10305.49 
  62 10837.70 11425.50 11113.23 
  63 10893.85 10906.65 11113.23 
  64 10915.50 12654.94 11113.23 
  65 11561.98 12990.03 11113.23 
  66 10285.50 13022.28 11561.98 
  67 11607.55 13131.17 11561.98 
  68 11638.48 13216.96 11607.55 
  69 11566.35 13057.50 11638.48 
  70 11669.69 13469.82 11638.48 
  71 11468.61 13533.30 11669.69 
  72 11224.03 13503.07 11669.69 
  73 11673.28 13453.52 11669.69 
  74 12545.20 13647.12 11673.28 
  75 11306.44 13585.59 12545.20 
  76 11623.83 13499.90 12545.20 
  77 12300.12 12813.78 12545.20 
  78 11831.44 13834.55 12545.20 
  79 12635.23 13889.05 12545.20 
  80 11707.21 13515.56 12635.23 
  81 12164.33 14089.78 12635.23 
  82 12598.25 13842.78 12635.23 
  83 12960.39 13590.01 12635.23 
  84 12286.28 14162.43 12960.39 
  85 13153.42 14346.87 12960.39 
  86 12956.18 14386.24 13153.42 
  87 12980.92 14377.00 13153.42 
  88 12568.85 14107.92 13153.42 
  89 12941.04 14435.98 13153.42 
  90 12701.43 14217.00 13153.42 
  91 13840.12 14894.25 13153.42 
  92 13046.82 14924.49 13840.12 
  93 12803.77 15000.05 13840.12 
  94 13134.03 14546.72 13840.12 
  95 13400.55 15001.13 13840.12 
  96 13556.35 14349.56 13840.12 
  97 13812.16 15115.90 13840.12 
  98 13604.92 15113.04 13840.12 
  99 13525.97 14781.07 13840.12 
 100 13782.93 14126.09 13840.12 
 101 13538.14 15129.99 13840.12 
 102 14216.49 15235.01 13840.12 
 103 13649.55 14647.32 14216.49 
 104 13701.57 14587.06 14216.49 
 105 13922.84 15308.71 14216.49 
 106 13976.50 15396.63 14216.49 
 107 13751.09 15094.39 14216.49 
 108 14468.43 15108.25 14216.49 
 109 13864.91 15660.53 14468.43 
 110 14210.24 15698.78 14468.43 
 111 14334.46 15792.39 14468.43 
 112 14073.92 15726.85 14468.43 
 113 14685.11 15855.80 14468.43 
 114 14561.36 15850.83 14685.11 
 115 14197.00 15731.82 14685.11 
 116 14631.30 15199.34 14685.11 
 117 14488.89 15942.35 14685.11 
 118 14380.34 15910.19 14685.11 
 119 14214.90 15841.61 14685.11 
 120 14677.44 15940.36 14685.11 
 121 14781.34 16031.05 14685.11 
 122 14475.67 16012.00 14781.34 
 123 14916.08 16100.74 14781.34 
 124 14806.35 16158.18 14916.08 
 125 14752.57 16118.81 14916.08 
 126 14975.81 16211.49 14916.08 
 127 14225.77 16227.81 14975.81 
 128 14596.93 16092.79 14975.81 
 129 15095.10 15791.58 14975.81 
 130 15072.35 16259.90 15095.10 
 131 14559.93 16229.93 15095.10 
 132 15248.37 15796.03 15095.10 
 133 15307.72 16174.25 15248.37 
 134 15008.89 16182.23 15307.72 
 135 15173.21 15762.29 15307.72 
 136 15632.86 16232.90 15307.72 
 137 15104.76 16300.32 15632.86 
 138 14903.52 16327.63 15632.86 
 139 15411.15 16341.58 15632.86 
 140 15093.39 16270.13 15632.86 
 141 15457.12 16248.09 15632.86 
 142 15513.61 16286.30 15632.86 
 143 15526.90 16322.57 15632.86 
 144 15514.83 16321.75 15632.86 
 145 15613.41 16286.37 15632.86 
 146 15450.53 16264.13 15632.86 
 147 15842.63 16341.67 15632.86 
 148 15611.23 16350.68 15842.63 
 149 15539.62 16355.80 15842.63 
 150 15948.79 16310.51 15842.63 
 151 15019.92 16345.62 15948.79 
 152 15239.52 16359.78 15948.79 
 153 15764.24 16337.63 15948.79 
 154 15541.43 16339.66 15948.79 
 155 15806.52 16377.89 15948.79 
 156 15422.84 16413.27 15948.79 
 157 15885.56 16341.75 15948.79 
 158 15270.64 16447.49 15948.79 
 159 15482.32 16470.74 15948.79 
 160 15843.48 16499.94 15948.79 
 161 15143.57 16537.25 15948.79 
 162 15540.99 16517.26 15948.79 
 163 15071.19 15970.31 15948.79 
 164 15077.04 16522.16 15948.79 
 165 15767.47 16494.87 15948.79 
 166 15346.00 16503.03 15948.79 
 167 15848.77 16503.95 15948.79 
 168 15643.52 16495.88 15948.79 
 169 15426.21 16482.80 15948.79 
 170 15701.82 16524.16 15948.79 
 171 15595.54 16602.76 15948.79 
 172 15837.70 16563.44 15948.79 
 173 15704.59 16524.10 15948.79 
 174 15779.97 16533.25 15948.79 
 175 15884.89 16595.74 15948.79 
 176 15838.45 16589.65 15948.79 
 177 15399.88 16668.25 15948.79 
 178 16049.03 16609.76 15948.79 
 179 15922.46 16611.82 16049.03 
 180 15850.85 16628.97 16049.03 
 181 15467.39 16601.70 16049.03 
 182 15948.13 16631.99 16049.03 
 183 15862.49 16605.76 16049.03 
 184 15794.65 16562.43 16049.03 
 185 16067.93 16616.85 16049.03 
 186 15771.89 16615.89 16067.93 
 187 15934.11 16640.08 16067.93 
 188 15656.61 16572.51 16067.93 
 189 15893.63 16564.37 16067.93 
 190 16029.68 16590.66 16067.93 
 191 15915.49 16607.73 16067.93 
 192 15932.65 16566.45 16067.93 
 193 15731.75 16532.27 16067.93 
 194 15381.41 16541.16 16067.93 
 195 15665.07 16598.69 16067.93 
 196 15746.82 16577.51 16067.93 
 197 15961.20 16540.36 16067.93 
 198 15814.13 16580.53 16067.93 
 199 15814.43 16594.73 16067.93 
 200 16078.59 16557.38 16067.93 
 201 15986.04 16572.45 16078.59 
 202 15896.08 16596.64 16078.59 
 203 15884.50 16617.77 16078.59 
 204 16018.03 16571.40 16078.59 
 205 15910.05 16610.78 16078.59 
 206 16026.54 16657.06 16078.59 
 207 15813.12 16663.21 16078.59 
 208 16083.75 16636.97 16078.59 
 209 15830.61 16681.38 16083.75 
 210 16159.68 16689.43 16083.75 
 211 15813.85 16619.84 16159.68 
 212 15986.45 16654.17 16159.68 
 213 16264.24 16475.78 16159.68 
 214 16336.42 16653.20 16264.24 
 215 15971.93 16687.39 16336.42 
 216 16173.47 16693.51 16336.42 
 217 16028.08 16734.81 16336.42 
 218 16334.55 16741.79 16336.42 
 219 16278.22 16719.67 16336.42 
 220 16183.56 16725.81 16336.42 
 221 16133.15 16729.68 16336.42 
 222 16256.11 16779.10 16336.42 
 223 15850.91 16765.03 16336.42 
 224 15858.29 16757.89 16336.42 
 225 16098.66 16773.02 16336.42 
 226 16094.08 16746.85 16336.42 
 227 16144.71 16780.07 16336.42 
 228 16138.78 16444.18 16336.42 
 229 15971.03 16806.35 16336.42 
 230 15788.44 16798.30 16336.42 
 231 15898.36 16803.25 16336.42 
 232 15926.91 16709.29 16336.42 
 233 15846.63 16757.93 16336.42 
 234 15880.74 16788.10 16336.42 
 235 16284.85 16808.45 16336.42 
 236 16157.89 16763.14 16336.42 
 237 16079.17 16635.30 16336.42 
 238 16061.34 16767.01 16336.42 
 239 16019.06 16766.16 16336.42 
 240 16162.36 16739.92 16336.42 
 241 16125.45 16709.69 16336.42 
 242 16016.49 16718.01 16336.42 
 243 16049.88 16757.30 16336.42 
 244 16134.70 16741.02 16336.42 
 245 16195.31 16736.04 16336.42 
 246 16058.48 16688.70 16336.42 
 247 16135.48 16681.63 16336.42 
 248 16194.03 16708.67 16336.42 
 249 15995.84 16682.62 16336.42 
 250 15863.84 16691.64 16336.42 
 251 16070.73 16732.91 16336.42 
 252 15886.82 16374.62 16336.42 
 253 16041.65 16682.49 16336.42 
 254 15809.57 16626.06 16336.42 
 255 15839.97 16673.36 16336.42 
 256 16180.88 16644.10 16336.42 
 257 16211.82 16653.14 16336.42 
 258 15865.41 16670.44 16336.42 
 259 16273.78 16734.89 16336.42 
 260 16077.54 16732.88 16336.42 
 261 16212.62 16700.67 16336.42 
 262 16144.02 16688.57 16336.42 
 263 16159.60 16716.71 16336.42 
 264 16301.58 16671.50 16336.42 
 265 16131.04 16662.33 16336.42 
 266 15968.41 16657.15 16336.42 
 267 16143.23 16699.57 16336.42 
 268 16237.97 16655.08 16336.42 
 269 16274.27 16716.62 16336.42 
 270 16290.71 16731.90 16336.42 
 271 16294.43 16744.86 16336.42 
 272 16150.32 16714.69 16336.42 
 273 16151.41 16709.70 16336.42 
 274 16310.57 16711.56 16336.42 
 275 16337.31 16696.60 16336.42 
 276 16427.11 16682.45 16337.31 
 277 16344.00 16579.26 16427.11 
 278 16207.39 16698.53 16427.11 
 279 16455.71 16657.32 16427.11 
 280 16233.90 16638.12 16455.71 
 281 15983.10 16700.58 16455.71 
 282 16300.46 16727.83 16455.71 
 283 16198.86 16729.84 16455.71 
 284 16151.73 16715.78 16455.71 
 285 16288.62 16725.84 16455.71 
 286 16413.32 16736.85 16455.71 
 287 16136.65 16674.24 16455.71 
 288 16287.49 16684.35 16455.71 
 289 16218.70 16690.50 16455.71 
 290 15838.51 16675.32 16455.71 
 291 15846.01 16662.27 16455.71 
 292 15894.42 16674.42 16455.71 
 293 16084.58 16710.71 16455.71 
 294 16174.77 16709.65 16455.71 
 295 16260.69 16679.41 16455.71 
 296 16093.51 16756.03 16455.71 
 297 16034.58 16710.66 16455.71 
 298 16002.30 16696.52 16455.71 
 299 16033.78 16673.37 16455.71 
