Iter | Sampling Pol | Evaluation Pol | Best (Sampled) 
   0 838.62 2002.00 -100000000.00 
   1 887.88 1818.00 838.62 
   2 986.50 1688.00 887.88 
   3 945.25 1996.00 986.50 
   4 989.25 1732.00 986.50 
   5 1088.12 1764.00 989.25 
   6 947.12 1742.00 1088.12 
   7 1214.75 1618.00 1088.12 
   8 1019.12 2058.00 1214.75 
   9 1176.12 1766.00 1214.75 
  10 1142.25 2370.00 1214.75 
  11 927.50 2148.00 1214.75 
  12 1252.25 1946.00 1214.75 
  13 1131.88 2116.00 1252.25 
  14 1286.88 1758.00 1252.25 
  15 1270.50 1948.00 1286.88 
  16 1315.88 2080.00 1286.88 
  17 1319.88 2160.00 1315.88 
  18 1192.75 2256.00 1319.88 
  19 1287.88 2094.00 1319.88 
  20 1326.50 1952.00 1319.88 
  21 1274.38 2136.00 1326.50 
  22 1370.62 2564.00 1326.50 
  23 1424.62 2458.00 1370.62 
  24 1478.62 2466.00 1424.62 
  25 1579.50 2304.00 1478.62 
  26 1557.75 2578.00 1579.50 
  27 1606.75 2616.00 1579.50 
  28 1557.12 2544.00 1606.75 
  29 1614.50 2576.00 1606.75 
  30 1660.75 2462.00 1614.50 
  31 1676.25 2736.00 1660.75 
  32 1657.38 2576.00 1676.25 
  33 1794.50 2276.00 1676.25 
  34 1603.12 2882.00 1794.50 
  35 1510.25 2902.00 1794.50 
  36 1653.75 2586.00 1794.50 
  37 1668.38 3164.00 1794.50 
  38 1821.62 2962.00 1794.50 
  39 1711.38 2996.00 1821.62 
  40 1703.50 3110.00 1821.62 
  41 1696.12 2978.00 1821.62 
  42 1890.88 2812.00 1821.62 
  43 1928.00 2858.00 1890.88 
  44 1770.12 3200.00 1928.00 
  45 1854.88 2558.00 1928.00 
  46 1848.25 2772.00 1928.00 
  47 1946.38 2580.00 1928.00 
  48 1771.88 2470.00 1946.38 
  49 1854.75 2582.00 1946.38 
  50 1848.38 2590.00 1946.38 
  51 2033.62 2704.00 1946.38 
  52 1877.75 2758.00 2033.62 
  53 1951.88 2752.00 2033.62 
  54 1734.62 2832.00 2033.62 
  55 1914.25 2604.00 2033.62 
  56 1977.12 2608.00 2033.62 
  57 1813.75 2988.00 2033.62 
  58 1892.88 2928.00 2033.62 
  59 1902.62 3068.00 2033.62 
  60 1868.38 2938.00 2033.62 
  61 2012.25 2956.00 2033.62 
  62 1873.75 3102.00 2033.62 
  63 1997.88 3032.00 2033.62 
  64 2012.38 3022.00 2033.62 
  65 1874.75 2982.00 2033.62 
  66 1890.00 3034.00 2033.62 
  67 1831.75 2708.00 2033.62 
  68 2162.12 2964.00 2033.62 
  69 1914.62 3048.00 2162.12 
  70 2075.50 2840.00 2162.12 
  71 2130.12 2758.00 2162.12 
  72 2046.12 2810.00 2162.12 
  73 2135.62 3036.00 2162.12 
  74 1911.50 3094.00 2162.12 
  75 2076.38 3098.00 2162.12 
  76 1983.12 3060.00 2162.12 
  77 2157.88 2932.00 2162.12 
  78 2050.25 2728.00 2162.12 
  79 2268.88 3070.00 2162.12 
  80 1953.25 2972.00 2268.88 
  81 2156.00 2870.00 2268.88 
  82 2218.00 3024.00 2268.88 
  83 2273.62 2984.00 2268.88 
  84 2080.75 2856.00 2273.62 
  85 2183.75 2902.00 2273.62 
  86 2156.12 2794.00 2273.62 
  87 2143.00 2900.00 2273.62 
  88 2261.00 2962.00 2273.62 
  89 2202.00 2952.00 2273.62 
  90 2199.25 2750.00 2273.62 
  91 2427.62 3144.00 2273.62 
  92 2366.12 3032.00 2427.62 
  93 2258.62 3044.00 2427.62 
  94 2386.62 2928.00 2427.62 
  95 2319.62 2882.00 2427.62 
  96 2333.25 2566.00 2427.62 
  97 2296.88 2918.00 2427.62 
  98 2412.12 2584.00 2427.62 
  99 2390.62 2920.00 2427.62 
 100 2429.62 3008.00 2427.62 
 101 2470.88 2992.00 2429.62 
 102 2327.62 3166.00 2470.88 
 103 2438.00 3284.00 2470.88 
 104 2378.00 3460.00 2470.88 
 105 2429.88 3056.00 2470.88 
 106 2388.62 3026.00 2470.88 
 107 2467.75 3308.00 2470.88 
 108 2272.75 3370.00 2470.88 
 109 2409.00 3100.00 2470.88 
 110 2306.62 3410.00 2470.88 
 111 2301.62 3464.00 2470.88 
 112 2564.25 3120.00 2470.88 
 113 2434.25 3180.00 2564.25 
 114 2470.12 3340.00 2564.25 
 115 2460.50 3148.00 2564.25 
 116 2583.50 3300.00 2564.25 
 117 2464.88 3236.00 2583.50 
 118 2493.12 3342.00 2583.50 
 119 2597.50 3336.00 2583.50 
 120 2599.50 3332.00 2597.50 
 121 2597.75 3332.00 2599.50 
 122 2543.88 3426.00 2599.50 
 123 2371.12 3336.00 2599.50 
 124 2627.25 3192.00 2599.50 
 125 2520.62 3362.00 2627.25 
 126 2580.38 3362.00 2627.25 
 127 2458.25 3410.00 2627.25 
 128 2556.88 3122.00 2627.25 
 129 2620.25 3344.00 2627.25 
 130 2615.62 3264.00 2627.25 
 131 2654.38 3236.00 2627.25 
 132 2612.00 3278.00 2654.38 
 133 2683.25 3224.00 2654.38 
 134 2454.62 3456.00 2683.25 
 135 2660.88 3228.00 2683.25 
 136 2613.62 3354.00 2683.25 
 137 2627.12 3368.00 2683.25 
 138 2545.75 3380.00 2683.25 
 139 2673.75 3330.00 2683.25 
 140 2643.62 3196.00 2683.25 
 141 2594.00 3252.00 2683.25 
 142 2655.25 3318.00 2683.25 
 143 2670.38 3442.00 2683.25 
 144 2723.75 3524.00 2683.25 
 145 2644.75 3362.00 2723.75 
 146 2795.75 3474.00 2723.75 
 147 2689.00 3248.00 2795.75 
 148 2581.50 3446.00 2795.75 
 149 2608.25 3240.00 2795.75 
 150 2957.12 3488.00 2795.75 
 151 2744.75 3406.00 2957.12 
 152 2735.88 3526.00 2957.12 
 153 2815.38 3318.00 2957.12 
 154 2759.50 3422.00 2957.12 
 155 2821.50 3382.00 2957.12 
 156 2750.50 3266.00 2957.12 
 157 2899.62 3372.00 2957.12 
 158 2768.38 3432.00 2957.12 
 159 2615.25 3320.00 2957.12 
 160 2843.75 3230.00 2957.12 
 161 2945.62 3356.00 2957.12 
 162 2604.12 3424.00 2957.12 
 163 2699.50 3414.00 2957.12 
 164 2835.38 3308.00 2957.12 
 165 2711.38 3394.00 2957.12 
 166 2888.38 3480.00 2957.12 
 167 2896.62 3348.00 2957.12 
 168 2871.12 3342.00 2957.12 
 169 2882.62 3458.00 2957.12 
 170 2797.25 3434.00 2957.12 
 171 2715.75 3320.00 2957.12 
 172 2676.00 3414.00 2957.12 
 173 2887.12 3404.00 2957.12 
 174 2698.12 3424.00 2957.12 
 175 2619.50 3550.00 2957.12 
 176 2813.50 3446.00 2957.12 
 177 2817.00 3564.00 2957.12 
 178 2844.38 3294.00 2957.12 
 179 3056.38 3666.00 2957.12 
 180 2882.12 3546.00 3056.38 
 181 2887.75 3470.00 3056.38 
 182 2971.88 3456.00 3056.38 
 183 2968.25 3438.00 3056.38 
 184 2965.38 3484.00 3056.38 
 185 2979.12 3672.00 3056.38 
 186 2960.88 3538.00 3056.38 
 187 2970.88 3246.00 3056.38 
 188 2946.62 3498.00 3056.38 
 189 3088.75 3554.00 3056.38 
 190 3037.62 3448.00 3088.75 
 191 2964.38 3274.00 3088.75 
 192 2981.62 3420.00 3088.75 
 193 3003.00 3448.00 3088.75 
 194 2877.50 3354.00 3088.75 
 195 2964.00 3578.00 3088.75 
 196 3030.62 3412.00 3088.75 
 197 2958.75 3506.00 3088.75 
 198 2947.25 3548.00 3088.75 
 199 2910.50 3428.00 3088.75 
 200 2963.25 3468.00 3088.75 
 201 2903.38 3674.00 3088.75 
 202 2978.12 3406.00 3088.75 
 203 3002.25 3534.00 3088.75 
 204 2979.38 3620.00 3088.75 
 205 3055.38 3716.00 3088.75 
 206 2889.38 3604.00 3088.75 
 207 2916.50 3600.00 3088.75 
 208 3117.38 3346.00 3088.75 
 209 3062.62 3562.00 3117.38 
 210 3113.38 3660.00 3117.38 
 211 3056.75 3494.00 3117.38 
 212 3067.62 3632.00 3117.38 
 213 2989.50 3486.00 3117.38 
 214 3051.38 3332.00 3117.38 
 215 2940.38 3428.00 3117.38 
 216 3011.50 3412.00 3117.38 
 217 3131.12 3566.00 3117.38 
 218 3042.75 3548.00 3131.12 
 219 3083.75 3546.00 3131.12 
 220 3162.25 3658.00 3131.12 
 221 3068.12 3644.00 3162.25 
 222 3044.75 3568.00 3162.25 
 223 3051.00 3652.00 3162.25 
 224 3056.88 3726.00 3162.25 
 225 3038.62 3580.00 3162.25 
 226 3124.75 3598.00 3162.25 
 227 3079.00 3666.00 3162.25 
 228 3074.50 3578.00 3162.25 
 229 3209.38 3492.00 3162.25 
 230 2940.75 3602.00 3209.38 
 231 3183.38 3628.00 3209.38 
 232 3036.25 3396.00 3209.38 
 233 2984.75 3380.00 3209.38 
 234 3119.38 3282.00 3209.38 
 235 3087.75 3324.00 3209.38 
 236 3120.38 3548.00 3209.38 
 237 3236.00 3680.00 3209.38 
 238 3224.50 3300.00 3236.00 
 239 3279.25 3198.00 3236.00 
 240 3161.25 3410.00 3279.25 
 241 3194.00 3386.00 3279.25 
 242 3163.12 3292.00 3279.25 
 243 3241.75 3486.00 3279.25 
 244 3241.25 3444.00 3279.25 
 245 3110.75 3286.00 3279.25 
 246 3139.75 3352.00 3279.25 
 247 3187.25 3148.00 3279.25 
 248 3104.12 3344.00 3279.25 
 249 3160.50 3440.00 3279.25 
 250 3222.25 3446.00 3279.25 
 251 3083.75 3342.00 3279.25 
 252 3154.12 3422.00 3279.25 
 253 3199.38 3502.00 3279.25 
 254 3201.62 3140.00 3279.25 
 255 3245.75 2998.00 3279.25 
 256 3097.50 3370.00 3279.25 
 257 3209.38 3242.00 3279.25 
 258 3260.25 3522.00 3279.25 
 259 3323.88 3524.00 3279.25 
 260 3207.12 3418.00 3323.88 
 261 3223.88 3640.00 3323.88 
 262 3097.00 3678.00 3323.88 
 263 3199.00 3522.00 3323.88 
 264 3113.00 3312.00 3323.88 
 265 3228.50 3692.00 3323.88 
 266 3189.62 3598.00 3323.88 
 267 3321.38 3768.00 3323.88 
 268 3207.88 3452.00 3323.88 
 269 3339.12 3500.00 3323.88 
 270 3192.00 3542.00 3339.12 
 271 3098.12 3502.00 3339.12 
 272 3215.00 3498.00 3339.12 
 273 3171.75 3812.00 3339.12 
 274 3271.12 3744.00 3339.12 
 275 3216.25 3834.00 3339.12 
 276 3249.00 3524.00 3339.12 
 277 3319.25 3560.00 3339.12 
 278 3145.62 3640.00 3339.12 
 279 3243.12 3748.00 3339.12 
 280 3315.75 3574.00 3339.12 
 281 3305.50 3432.00 3339.12 
 282 3275.38 3564.00 3339.12 
 283 3272.62 3428.00 3339.12 
 284 3316.50 3776.00 3339.12 
 285 3278.62 3586.00 3339.12 
 286 3231.50 3714.00 3339.12 
 287 3177.88 3764.00 3339.12 
 288 3205.38 3712.00 3339.12 
 289 3318.62 3700.00 3339.12 
 290 3281.25 3874.00 3339.12 
 291 3167.75 3710.00 3339.12 
 292 3382.38 3770.00 3339.12 
 293 3265.25 3836.00 3382.38 
 294 3324.88 3792.00 3382.38 
 295 3433.00 3454.00 3382.38 
 296 3288.88 3688.00 3433.00 
 297 3336.50 3680.00 3433.00 
 298 3220.25 3800.00 3433.00 
 299 3352.38 3706.00 3433.00 
