Iter | Sampling Pol | Evaluation Pol | Best (Sampled) 
   0 -42.98 -44.42 -100000000.00 
   1 -35.21 25.22 -42.98 
   2 -43.26 72.81 -35.21 
   3 -35.60 13.31 -35.21 
   4 -39.61 10.00 -35.21 
   5 -37.29 29.59 -35.21 
   6 -19.67 68.58 -35.21 
   7 -41.62 60.59 -19.67 
   8 -28.25 41.38 -19.67 
   9 -22.96 123.13 -19.67 
  10 -11.80 170.09 -19.67 
  11  6.54 245.41 -11.80 
  12 26.36 206.18  6.54 
  13 31.82 303.71 26.36 
  14 58.52 272.90 31.82 
  15 57.98 340.96 58.52 
  16 65.42 226.52 58.52 
  17 81.35 263.54 65.42 
  18 112.84 321.47 81.35 
  19 146.92 435.91 112.84 
  20 155.14 490.94 146.92 
  21 168.20 449.35 155.14 
  22 231.82 455.76 168.20 
  23 242.15 650.51 231.82 
  24 371.12 633.83 242.15 
  25 335.12 825.48 371.12 
  26 338.20 695.07 371.12 
  27 496.03 802.21 371.12 
  28 495.59 889.92 496.03 
  29 512.31 1098.31 496.03 
  30 668.95 1160.49 512.31 
  31 720.70 1028.49 668.95 
  32 786.93 1052.68 720.70 
  33 749.02 1202.07 786.93 
  34 897.60 1271.54 786.93 
  35 922.66 1354.98 897.60 
  36 954.24 1358.71 922.66 
  37 1051.08 1328.32 954.24 
  38 1109.72 1372.25 1051.08 
  39 1162.41 1555.34 1109.72 
  40 1208.74 1514.48 1162.41 
  41 1219.10 1545.73 1208.74 
  42 1369.78 1460.75 1219.10 
  43 1371.69 1546.08 1369.78 
  44 1457.33 1596.47 1371.69 
  45 1507.13 1655.29 1457.33 
  46 1586.98 1536.88 1507.13 
  47 1566.80 1732.99 1586.98 
  48 1617.19 1832.99 1586.98 
  49 1585.34 1553.01 1617.19 
  50 1689.09 1743.92 1617.19 
  51 1693.47 1771.40 1689.09 
  52 1724.63 1942.10 1693.47 
  53 1818.36 1820.38 1724.63 
  54 1826.64 1816.36 1818.36 
  55 1901.18 1986.51 1826.64 
  56 1851.26 1953.94 1901.18 
  57 2004.45 2070.92 1901.18 
  58 1996.30 1882.62 2004.45 
  59 2016.26 1861.12 2004.45 
  60 2054.17 2057.09 2016.26 
  61 2127.08 2119.49 2054.17 
  62 2112.13 1950.23 2127.08 
  63 2177.68 1963.79 2127.08 
  64 2105.45 2249.06 2177.68 
  65 2152.16 2301.34 2177.68 
  66 2138.07 2309.84 2177.68 
  67 2138.08 2389.58 2177.68 
  68 2247.22 2429.91 2177.68 
  69 2253.22 2420.93 2247.22 
  70 2308.77 2419.81 2253.22 
  71 2296.89 2404.30 2308.77 
  72 2338.89 2307.36 2308.77 
  73 2270.69 2382.88 2338.89 
  74 2316.09 2405.68 2338.89 
  75 2299.93 2510.10 2338.89 
  76 2302.59 2523.07 2338.89 
  77 2292.48 2577.81 2338.89 
  78 2342.04 2570.34 2338.89 
  79 2389.74 2506.50 2342.04 
  80 2388.84 2526.12 2389.74 
  81 2351.47 2609.78 2389.74 
  82 2398.84 2604.80 2389.74 
  83 2465.46 2572.76 2398.84 
  84 2443.06 2608.90 2465.46 
  85 2455.32 2609.20 2465.46 
  86 2450.83 2638.78 2465.46 
  87 2485.61 2660.35 2465.46 
  88 2466.65 2671.44 2485.61 
  89 2527.96 2679.31 2485.61 
  90 2578.18 2673.59 2527.96 
  91 2490.72 2683.91 2578.18 
  92 2519.41 2712.56 2578.18 
  93 2555.27 2681.25 2578.18 
  94 2542.43 2653.15 2578.18 
  95 2609.15 2730.17 2578.18 
  96 2600.99 2718.94 2609.15 
  97 2597.29 2755.02 2609.15 
  98 2651.00 2716.78 2609.15 
  99 2635.43 2760.40 2651.00 
 100 2655.93 2717.78 2651.00 
 101 2662.97 2646.76 2655.93 
 102 2669.32 2739.50 2662.97 
 103 2688.27 2655.78 2669.32 
 104 2703.57 2737.31 2688.27 
 105 2669.02 2702.12 2703.57 
 106 2677.38 2724.05 2703.57 
 107 2658.56 2785.02 2703.57 
 108 2674.76 2738.43 2703.57 
 109 2684.53 2791.35 2703.57 
 110 2723.18 2766.65 2703.57 
 111 2712.89 2726.04 2723.18 
 112 2737.27 2797.00 2723.18 
 113 2765.38 2861.41 2737.27 
 114 2757.98 2837.27 2765.38 
 115 2749.07 2872.66 2765.38 
 116 2751.38 2846.33 2765.38 
 117 2787.08 2767.52 2765.38 
 118 2769.87 2876.67 2787.08 
 119 2806.57 2867.72 2787.08 
 120 2799.41 2880.80 2806.57 
 121 2811.73 2889.03 2806.57 
 122 2793.49 2889.61 2811.73 
 123 2802.59 2876.58 2811.73 
 124 2795.33 2883.63 2811.73 
 125 2772.76 2884.47 2811.73 
 126 2827.19 2850.16 2811.73 
 127 2839.51 2837.90 2827.19 
 128 2824.61 2825.49 2839.51 
 129 2808.20 2910.66 2839.51 
 130 2877.51 2920.83 2839.51 
 131 2799.53 2883.33 2877.51 
 132 2835.36 2952.08 2877.51 
 133 2871.00 2921.36 2877.51 
 134 2889.71 2961.60 2877.51 
 135 2894.02 2974.69 2889.71 
 136 2907.12 2952.17 2894.02 
 137 2923.11 2956.34 2907.12 
 138 2926.83 2970.75 2923.11 
 139 2855.95 2976.96 2926.83 
 140 2882.78 2986.67 2926.83 
 141 2836.82 2990.92 2926.83 
 142 2851.51 2981.84 2926.83 
 143 2878.55 2939.00 2926.83 
 144 2876.59 2975.88 2926.83 
 145 2922.21 2992.47 2926.83 
 146 2927.78 2994.73 2926.83 
 147 2954.43 3023.57 2927.78 
 148 2876.76 2989.97 2954.43 
 149 2863.84 3019.27 2954.43 
 150 2931.54 3014.21 2954.43 
 151 2950.39 3003.50 2954.43 
 152 2928.12 3025.37 2954.43 
 153 2954.01 2992.74 2954.43 
 154 2945.08 2999.14 2954.43 
 155 2958.49 2986.35 2954.43 
 156 2930.24 3016.91 2958.49 
 157 2943.80 3041.05 2958.49 
 158 2926.87 3045.18 2958.49 
 159 2942.30 3054.77 2958.49 
 160 2964.15 3008.38 2958.49 
 161 2927.01 3033.80 2964.15 
 162 2949.60 3054.54 2964.15 
 163 2971.04 3023.36 2964.15 
 164 3004.99 2974.82 2971.04 
 165 3003.77 3035.34 3004.99 
 166 2987.88 3016.44 3004.99 
 167 2970.58 3059.23 3004.99 
 168 2944.27 3037.00 3004.99 
 169 3008.84 3076.09 3004.99 
 170 2987.54 3044.02 3008.84 
 171 3015.82 2977.44 3008.84 
 172 2983.16 2966.77 3015.82 
 173 3010.71 3058.08 3015.82 
 174 2967.99 3065.29 3015.82 
 175 3014.74 3066.71 3015.82 
 176 2977.53 3050.66 3015.82 
 177 2998.69 3075.45 3015.82 
 178 3007.72 3028.28 3015.82 
 179 3025.01 3070.07 3015.82 
 180 3017.96 3088.94 3025.01 
 181 2988.05 3003.25 3025.01 
 182 2971.60 3072.57 3025.01 
 183 2966.23 3085.90 3025.01 
 184 3040.58 3092.42 3025.01 
 185 3020.47 3072.08 3040.58 
 186 3029.56 3082.63 3040.58 
 187 3013.08 3040.75 3040.58 
 188 3020.67 3092.97 3040.58 
 189 3026.19 3074.09 3040.58 
 190 3044.51 3054.02 3040.58 
 191 3002.22 3077.28 3044.51 
 192 3026.30 3079.91 3044.51 
 193 2999.73 3081.20 3044.51 
 194 3061.93 3093.46 3044.51 
 195 3033.01 3110.26 3061.93 
 196 3041.84 3051.98 3061.93 
 197 3020.74 3104.91 3061.93 
 198 3031.32 3123.72 3061.93 
 199 3049.64 3092.84 3061.93 
 200 3054.86 3122.85 3061.93 
 201 3034.68 3110.05 3061.93 
 202 3066.58 3070.14 3061.93 
 203 3018.25 3100.59 3066.58 
 204 3068.81 3034.44 3066.58 
 205 3050.39 3098.82 3068.81 
 206 3021.05 3078.15 3068.81 
 207 3064.15 3127.33 3068.81 
 208 3073.80 3091.33 3068.81 
 209 3077.37 3118.87 3073.80 
 210 3034.00 3125.18 3077.37 
 211 3081.13 3117.66 3077.37 
 212 3051.78 3131.62 3081.13 
 213 3028.74 3084.69 3081.13 
 214 3066.43 3082.81 3081.13 
 215 3069.71 3123.00 3081.13 
 216 3058.69 3128.65 3081.13 
 217 3098.86 3117.29 3081.13 
 218 3011.92 3024.92 3098.86 
 219 3008.43 3124.16 3098.86 
 220 3083.50 3132.58 3098.86 
 221 3090.39 3070.75 3098.86 
 222 3077.66 3075.56 3098.86 
 223 3071.81 3117.97 3098.86 
 224 3050.76 3120.37 3098.86 
 225 3029.08 3126.78 3098.86 
 226 3071.52 3136.17 3098.86 
 227 3042.49 3143.12 3098.86 
 228 3061.00 3086.28 3098.86 
 229 3053.32 3118.05 3098.86 
 230 3022.67 3128.31 3098.86 
 231 3077.47 3131.07 3098.86 
 232 3078.06 3142.36 3098.86 
 233 3085.10 3100.77 3098.86 
 234 3087.91 3140.77 3098.86 
 235 3092.60 3084.61 3098.86 
 236 3076.44 3127.75 3098.86 
 237 3070.71 3128.96 3098.86 
 238 3110.94 3141.29 3098.86 
 239 3057.78 3140.18 3110.94 
 240 3091.54 3135.38 3110.94 
 241 3087.96 3130.72 3110.94 
 242 3084.68 3131.06 3110.94 
 243 3072.71 3138.18 3110.94 
 244 3093.15 3147.39 3110.94 
 245 3054.91 3130.09 3110.94 
 246 3036.55 3139.38 3110.94 
 247 3087.21 3146.27 3110.94 
 248 3078.10 3050.57 3110.94 
 249 3107.64 3143.53 3110.94 
 250 3097.65 3142.87 3110.94 
 251 3097.54 3140.59 3110.94 
 252 3070.92 3147.18 3110.94 
 253 3076.67 3134.44 3110.94 
 254 3075.42 3147.15 3110.94 
 255 3083.37 3141.79 3110.94 
 256 3054.64 3133.84 3110.94 
 257 3111.46 3149.75 3110.94 
 258 3110.76 3152.91 3111.46 
 259 3108.62 3150.56 3111.46 
 260 3102.22 2948.21 3111.46 
 261 3089.20 3140.09 3111.46 
 262 3076.47 3152.12 3111.46 
 263 3085.56 3110.26 3111.46 
 264 3093.24 3157.30 3111.46 
 265 3091.46 3109.08 3111.46 
 266 3061.59 3148.44 3111.46 
 267 3101.52 3030.03 3111.46 
 268 3067.04 3102.10 3111.46 
 269 3065.36 3145.80 3111.46 
 270 3074.86 3108.80 3111.46 
 271 3068.92 3125.20 3111.46 
 272 3053.59 3140.35 3111.46 
 273 3079.61 3140.22 3111.46 
 274 3075.38 3097.35 3111.46 
 275 3094.02 3110.01 3111.46 
 276 3083.46 3138.51 3111.46 
 277 3088.15 3138.80 3111.46 
 278 3071.96 3062.44 3111.46 
 279 3078.26 3007.35 3111.46 
 280 3088.28 3129.35 3111.46 
 281 3098.18 3110.03 3111.46 
 282 3085.75 3090.84 3111.46 
 283 3092.17 3132.53 3111.46 
 284 3105.08 3142.34 3111.46 
 285 3080.64 3127.59 3111.46 
 286 3082.41 3128.66 3111.46 
 287 3043.58 3112.19 3111.46 
 288 3084.76 3132.02 3111.46 
 289 3080.17 3104.72 3111.46 
 290 3086.75 3129.95 3111.46 
 291 3114.11 3134.09 3111.46 
 292 3113.22 3140.29 3114.11 
 293 3077.47 3142.01 3114.11 
 294 3056.03 3138.14 3114.11 
 295 3115.35 3137.90 3114.11 
 296 3078.29 3123.21 3115.35 
 297 3066.16 3152.39 3115.35 
 298 3086.50 3156.84 3115.35 
 299 3085.13 3147.67 3115.35 
