Iter | Sampling Pol | Evaluation Pol | Best (Sampled) 
   0  3.45  0.00 -100000000.00 
   1  0.00  0.00  3.45 
   2  0.50  0.00  3.45 
   3  5.70  0.00  3.45 
   4  0.00  0.00  5.70 
   5  0.00  0.00  5.70 
   6  0.50  0.00  5.70 
   7  0.00  0.00  5.70 
   8  0.00  0.00  5.70 
   9  0.00  0.00  5.70 
  10  2.50  0.00  5.70 
  11 10.25  0.00  5.70 
  12  1.30  0.00 10.25 
  13  3.25  0.00 10.25 
  14  2.00  0.00 10.25 
  15  0.25 34.80 10.25 
  16  6.95  0.00 10.25 
  17  8.80  0.00 10.25 
  18  2.35  6.80 10.25 
  19 12.10 28.40 10.25 
  20  8.65  0.00 12.10 
  21 16.70 31.20 12.10 
  22 21.00  0.00 16.70 
  23 13.50  0.00 21.00 
  24 14.05 24.80 21.00 
  25 17.60 20.00 21.00 
  26 19.00 18.00 21.00 
  27  8.45 48.40 21.00 
  28 14.70 15.60 21.00 
  29  6.25 35.60 21.00 
  30 14.40  3.20 21.00 
  31 13.20 13.60 21.00 
  32  4.95 36.80 21.00 
  33 15.30 42.80 21.00 
  34  3.80 71.60 21.00 
  35 23.45 138.00 21.00 
  36  4.55 39.20 23.45 
  37 22.75 19.60 23.45 
  38 36.75 47.60 23.45 
  39 28.05 23.20 36.75 
  40 30.40 26.00 36.75 
  41 18.90 40.00 36.75 
  42 31.95 80.40 36.75 
  43 74.30 82.80 36.75 
  44 25.10 126.40 74.30 
  45 46.00 34.40 74.30 
  46 69.80 75.20 74.30 
  47 45.65 48.00 74.30 
  48 53.55 40.40 74.30 
  49 51.50 79.60 74.30 
  50 65.40 61.20 74.30 
  51 55.85  0.00 74.30 
  52 64.30 62.80 74.30 
  53 83.20 35.60 74.30 
  54 79.15 116.00 83.20 
  55 83.45 272.00 83.20 
  56 100.75 118.00 83.45 
  57 120.45 170.00 100.75 
  58 153.35 59.20 120.45 
  59 151.60 161.60 153.35 
  60 148.30 138.80 153.35 
  61 131.60 138.80 153.35 
  62 203.55 320.00 153.35 
  63 154.65 393.60 203.55 
  64 168.80 534.40 203.55 
  65 192.90 628.40 203.55 
  66 236.45 496.80 203.55 
  67 180.95 588.80 236.45 
  68 226.15 342.40 236.45 
  69 265.20 534.00 236.45 
  70 258.10 594.80 265.20 
  71 320.00 492.40 265.20 
  72 302.65 614.40 320.00 
  73 296.20 682.00 320.00 
  74 338.55 687.20 320.00 
  75 264.65 704.80 338.55 
  76 418.80 833.20 338.55 
  77 339.25 694.80 418.80 
  78 354.70 744.80 418.80 
  79 385.30 765.20 418.80 
  80 453.15 766.00 418.80 
  81 462.05 752.00 453.15 
  82 459.50 714.00 462.05 
  83 441.60 950.80 462.05 
  84 518.90 866.00 462.05 
  85 485.85 872.80 518.90 
  86 561.60 867.60 518.90 
  87 417.40 988.00 561.60 
  88 678.75 1171.20 561.60 
  89 712.40 995.60 678.75 
  90 830.95 977.20 712.40 
  91 711.60 925.60 830.95 
  92 819.15 1161.60 830.95 
  93 743.90 1110.00 830.95 
  94 793.85 1218.80 830.95 
  95 890.55 1144.40 830.95 
  96 829.10 1357.20 890.55 
  97 1085.15 1325.60 890.55 
  98 941.60 1338.40 1085.15 
  99 966.20 1300.80 1085.15 
 100 1019.50 1751.60 1085.15 
 101 1204.65 1518.40 1085.15 
 102 971.00 1694.00 1204.65 
 103 1064.85 1670.00 1204.65 
 104 1013.55 1528.40 1204.65 
 105 1194.10 1631.20 1204.65 
 106 1122.85 1606.00 1204.65 
 107 1173.25 1648.80 1204.65 
 108 1471.45 1723.60 1204.65 
 109 1442.95 1681.60 1471.45 
 110 1487.15 1865.60 1471.45 
 111 1343.65 1886.00 1487.15 
 112 1310.50 1816.00 1487.15 
 113 1295.00 1839.60 1487.15 
 114 1661.60 1996.80 1487.15 
 115 1381.10 2042.80 1661.60 
 116 1586.25 2002.80 1661.60 
 117 1401.90 2029.60 1661.60 
 118 1638.00 2074.40 1661.60 
 119 1655.00 2079.60 1661.60 
 120 1403.60 2098.00 1661.60 
 121 1617.60 2174.40 1661.60 
 122 1620.20 2322.00 1661.60 
 123 1793.15 2298.00 1661.60 
 124 1707.00 2475.60 1793.15 
 125 1808.85 2372.80 1793.15 
 126 1667.30 2407.20 1808.85 
 127 1885.75 2098.40 1808.85 
 128 1830.45 2012.00 1885.75 
 129 1899.35 2265.20 1885.75 
 130 1996.55 2292.80 1899.35 
 131 2076.80 2386.80 1996.55 
 132 2111.40 2410.40 2076.80 
 133 1964.20 2436.80 2111.40 
 134 2037.35 2420.40 2111.40 
 135 2172.60 2703.60 2111.40 
 136 1927.85 2644.40 2172.60 
 137 1972.20 2688.40 2172.60 
 138 2288.85 2676.00 2172.60 
 139 1984.50 2603.60 2288.85 
 140 2260.35 2536.80 2288.85 
 141 2184.10 2446.80 2288.85 
 142 2035.35 2650.80 2288.85 
 143 2152.20 2900.40 2288.85 
 144 2108.30 2576.00 2288.85 
 145 2229.40 2876.80 2288.85 
 146 2201.65 2790.40 2288.85 
 147 2305.05 2732.80 2288.85 
 148 2270.25 3004.00 2305.05 
 149 2421.90 2976.40 2305.05 
 150 2462.80 3114.80 2421.90 
 151 2539.60 2901.60 2462.80 
 152 2520.30 2876.00 2539.60 
 153 2566.85 2816.00 2539.60 
 154 2426.15 2864.40 2566.85 
 155 2564.70 3003.20 2566.85 
 156 2625.75 2705.60 2566.85 
 157 2552.55 2869.20 2625.75 
 158 2513.55 2912.00 2625.75 
 159 2558.45 2923.20 2625.75 
 160 2637.85 3149.20 2625.75 
 161 2537.85 3012.40 2637.85 
 162 2537.00 2953.20 2637.85 
 163 2711.50 3013.20 2637.85 
 164 2794.95 3048.80 2711.50 
 165 2726.10 2946.40 2794.95 
 166 2783.05 2939.20 2794.95 
 167 2741.50 3085.60 2794.95 
 168 2800.95 3099.20 2794.95 
 169 2874.70 3072.80 2800.95 
 170 2600.10 3259.60 2874.70 
 171 2819.15 3162.00 2874.70 
 172 2928.00 3324.80 2874.70 
 173 3010.20 3506.80 2928.00 
 174 2927.90 3155.20 3010.20 
 175 2904.65 3276.80 3010.20 
 176 2833.50 3205.20 3010.20 
 177 2929.75 3253.20 3010.20 
 178 2950.50 3131.20 3010.20 
 179 3019.95 3072.40 3010.20 
 180 3037.95 3404.40 3019.95 
 181 3031.25 3287.20 3037.95 
 182 2931.35 3494.40 3037.95 
 183 3023.55 3222.40 3037.95 
 184 3031.50 3417.60 3037.95 
 185 3043.95 3309.60 3037.95 
 186 3196.80 3293.60 3043.95 
 187 2987.20 3245.20 3196.80 
 188 3170.20 3435.20 3196.80 
 189 3015.95 3247.20 3196.80 
 190 3141.10 3237.60 3196.80 
 191 3097.80 3243.60 3196.80 
 192 3029.55 3352.00 3196.80 
 193 3203.45 3461.60 3196.80 
 194 3254.75 3300.80 3203.45 
 195 3128.75 3426.80 3254.75 
 196 3378.60 3392.80 3254.75 
 197 3250.45 3186.00 3378.60 
 198 3073.70 3468.40 3378.60 
 199 3282.05 3243.20 3378.60 
 200 2981.75 3264.00 3378.60 
 201 3234.15 3394.00 3378.60 
 202 3359.45 3363.20 3378.60 
 203 3358.35 3294.00 3378.60 
 204 3334.20 3561.20 3378.60 
 205 3342.50 3188.00 3378.60 
 206 3172.15 3328.40 3378.60 
 207 3240.60 3494.80 3378.60 
 208 3316.00 3524.00 3378.60 
 209 3169.25 3416.40 3378.60 
 210 3406.35 3545.20 3378.60 
 211 3255.10 3613.20 3406.35 
 212 3258.35 3739.60 3406.35 
 213 3374.70 3808.00 3406.35 
 214 3433.05 3710.80 3406.35 
 215 3405.50 3521.60 3433.05 
 216 3388.00 3674.00 3433.05 
 217 3532.05 3637.60 3433.05 
 218 3420.15 3571.20 3532.05 
 219 3385.90 3814.80 3532.05 
 220 3512.15 3759.60 3532.05 
 221 3474.20 3583.60 3532.05 
 222 3306.55 3570.80 3532.05 
 223 3453.70 3549.20 3532.05 
 224 3455.85 3493.60 3532.05 
 225 3394.00 3515.60 3532.05 
 226 3538.05 3522.40 3532.05 
 227 3256.25 3498.00 3538.05 
 228 3420.60 3606.40 3538.05 
 229 3449.00 3718.40 3538.05 
 230 3428.30 3726.40 3538.05 
 231 3596.55 3799.60 3538.05 
 232 3504.20 3712.40 3596.55 
 233 3477.05 3600.00 3596.55 
 234 3516.55 3639.20 3596.55 
 235 3496.10 3559.60 3596.55 
 236 3559.80 3606.80 3596.55 
 237 3546.05 3752.00 3596.55 
 238 3426.55 3728.00 3596.55 
 239 3560.75 3801.60 3596.55 
 240 3427.05 3838.40 3596.55 
 241 3382.50 3809.60 3596.55 
 242 3485.85 3783.60 3596.55 
 243 3412.30 3852.80 3596.55 
 244 3550.35 3650.40 3596.55 
 245 3340.65 3722.40 3596.55 
 246 3503.40 3876.40 3596.55 
 247 3535.15 3766.00 3596.55 
 248 3519.15 3763.20 3596.55 
 249 3532.70 3726.80 3596.55 
 250 3566.10 3784.00 3596.55 
 251 3535.65 3869.20 3596.55 
 252 3410.05 3833.20 3596.55 
 253 3564.60 3868.40 3596.55 
 254 3576.00 3842.40 3596.55 
 255 3526.75 3846.00 3596.55 
 256 3511.00 3811.20 3596.55 
 257 3585.90 3838.40 3596.55 
 258 3455.95 3858.00 3596.55 
 259 3450.75 3865.20 3596.55 
 260 3433.85 3856.00 3596.55 
 261 3446.05 3796.40 3596.55 
 262 3535.25 3650.80 3596.55 
 263 3492.65 3832.00 3596.55 
 264 3364.40 3881.20 3596.55 
 265 3598.50 3694.00 3596.55 
 266 3461.05 3840.40 3598.50 
 267 3411.60 3826.40 3598.50 
 268 3401.35 3825.60 3598.50 
 269 3610.90 3848.00 3598.50 
 270 3543.70 3802.40 3610.90 
 271 3486.20 3810.80 3610.90 
 272 3522.80 3826.80 3610.90 
 273 3629.10 3721.20 3610.90 
 274 3534.70 3811.60 3629.10 
 275 3413.30 3812.00 3629.10 
 276 3435.50 3823.60 3629.10 
 277 3414.65 3809.20 3629.10 
 278 3418.10 3738.40 3629.10 
 279 3445.80 3763.60 3629.10 
 280 3524.20 3760.00 3629.10 
 281 3423.35 3769.60 3629.10 
 282 3437.20 3813.60 3629.10 
 283 3493.45 3794.80 3629.10 
 284 3397.10 3754.00 3629.10 
 285 3350.30 3714.40 3629.10 
 286 3494.10 3692.40 3629.10 
 287 3416.75 3657.60 3629.10 
 288 3441.00 3796.00 3629.10 
 289 3271.75 3802.40 3629.10 
 290 3338.75 3689.20 3629.10 
 291 3284.05 3567.20 3629.10 
 292 3312.15 3694.40 3629.10 
 293 3432.60 3678.80 3629.10 
 294 3264.90 3681.60 3629.10 
