Iter | Sampling Pol | Evaluation Pol | Best (Sampled) 
   0 761.75 1558.00 -100000000.00 
   1 834.75 1340.00 761.75 
   2 876.12 1528.00 834.75 
   3 936.12 1716.00 876.12 
   4 1031.88 1804.00 936.12 
   5 968.12 1698.00 1031.88 
   6 972.75 1582.00 1031.88 
   7 1245.62 1946.00 1031.88 
   8 1034.75 1912.00 1245.62 
   9 1149.50 1932.00 1245.62 
  10 1137.50 1870.00 1245.62 
  11 1086.88 1644.00 1245.62 
  12 1218.00 1708.00 1245.62 
  13 1132.88 2014.00 1245.62 
  14 1245.38 1942.00 1245.62 
  15 1208.88 1872.00 1245.62 
  16 1449.12 2362.00 1245.62 
  17 1210.75 2128.00 1449.12 
  18 1358.12 2170.00 1449.12 
  19 1343.25 2466.00 1449.12 
  20 1351.88 2216.00 1449.12 
  21 1337.00 2244.00 1449.12 
  22 1403.38 2348.00 1449.12 
  23 1497.75 2338.00 1449.12 
  24 1501.62 2394.00 1497.75 
  25 1531.75 2610.00 1501.62 
  26 1549.50 2340.00 1531.75 
  27 1650.25 2374.00 1549.50 
  28 1582.00 2376.00 1650.25 
  29 1664.12 2456.00 1650.25 
  30 1766.00 2414.00 1664.12 
  31 1701.25 2312.00 1766.00 
  32 1631.00 2172.00 1766.00 
  33 1754.62 2090.00 1766.00 
  34 1530.12 2096.00 1766.00 
  35 1546.88 2480.00 1766.00 
  36 1662.50 2458.00 1766.00 
  37 1585.50 2504.00 1766.00 
  38 1610.00 2624.00 1766.00 
  39 1719.00 2426.00 1766.00 
  40 1779.62 2248.00 1766.00 
  41 1804.00 2438.00 1779.62 
  42 1908.50 2482.00 1804.00 
  43 1904.88 2234.00 1908.50 
  44 1789.12 2456.00 1908.50 
  45 1786.12 2572.00 1908.50 
  46 1844.25 2444.00 1908.50 
  47 1886.38 2612.00 1908.50 
  48 1834.12 2320.00 1908.50 
  49 1773.50 2372.00 1908.50 
  50 1764.75 2328.00 1908.50 
  51 1882.00 2856.00 1908.50 
  52 1874.75 2898.00 1908.50 
  53 1943.62 2818.00 1908.50 
  54 1755.50 2652.00 1943.62 
  55 1961.75 2738.00 1943.62 
  56 1946.75 2960.00 1961.75 
  57 1807.88 2676.00 1961.75 
  58 1957.62 2836.00 1961.75 
  59 1896.88 2958.00 1961.75 
  60 1954.38 2764.00 1961.75 
  61 2024.88 2898.00 1961.75 
  62 2005.25 2840.00 2024.88 
  63 2013.62 2832.00 2024.88 
  64 2019.88 2778.00 2024.88 
  65 2093.00 2802.00 2024.88 
  66 1890.12 2904.00 2093.00 
  67 1961.12 2802.00 2093.00 
  68 2173.38 2854.00 2093.00 
  69 2063.38 2950.00 2173.38 
  70 2090.88 2910.00 2173.38 
  71 2139.75 2804.00 2173.38 
  72 2084.00 2530.00 2173.38 
  73 2194.75 2848.00 2173.38 
  74 1893.00 2824.00 2194.75 
  75 2063.38 2914.00 2194.75 
  76 2034.25 2542.00 2194.75 
  77 2235.75 3036.00 2194.75 
  78 2105.75 2670.00 2235.75 
  79 2227.12 2722.00 2235.75 
  80 2053.25 2646.00 2235.75 
  81 2144.62 2786.00 2235.75 
  82 2242.50 2916.00 2235.75 
  83 2274.62 2956.00 2242.50 
  84 2020.00 2870.00 2274.62 
  85 2163.12 2854.00 2274.62 
  86 2104.12 2768.00 2274.62 
  87 2132.88 2940.00 2274.62 
  88 2146.88 2722.00 2274.62 
  89 2168.88 3016.00 2274.62 
  90 2128.38 2708.00 2274.62 
  91 2315.00 2998.00 2274.62 
  92 2267.75 2702.00 2315.00 
  93 2229.25 2926.00 2315.00 
  94 2209.00 2958.00 2315.00 
  95 2171.88 3020.00 2315.00 
  96 2343.88 3202.00 2315.00 
  97 2173.38 3046.00 2343.88 
  98 2299.88 2902.00 2343.88 
  99 2244.12 3100.00 2343.88 
 100 2304.25 3114.00 2343.88 
 101 2313.12 2910.00 2343.88 
 102 2327.75 2772.00 2343.88 
 103 2391.12 2844.00 2343.88 
 104 2317.00 2924.00 2391.12 
 105 2363.25 2924.00 2391.12 
 106 2173.00 2712.00 2391.12 
 107 2412.25 3056.00 2391.12 
 108 2219.25 2878.00 2412.25 
 109 2316.50 2858.00 2412.25 
 110 2247.50 2924.00 2412.25 
 111 2273.75 2984.00 2412.25 
 112 2450.62 2912.00 2412.25 
 113 2530.50 3150.00 2450.62 
 114 2443.50 3094.00 2530.50 
 115 2216.00 2902.00 2530.50 
 116 2445.88 2950.00 2530.50 
 117 2395.25 2948.00 2530.50 
 118 2354.75 3218.00 2530.50 
 119 2456.12 3118.00 2530.50 
 120 2444.88 2920.00 2530.50 
 121 2513.75 3176.00 2530.50 
 122 2421.62 3124.00 2530.50 
 123 2340.62 3040.00 2530.50 
 124 2382.88 3154.00 2530.50 
 125 2302.25 3126.00 2530.50 
 126 2499.62 2950.00 2530.50 
 127 2496.12 2836.00 2530.50 
 128 2331.50 2696.00 2530.50 
 129 2529.25 2978.00 2530.50 
 130 2573.00 2818.00 2530.50 
 131 2591.38 3000.00 2573.00 
 132 2502.38 3060.00 2591.38 
 133 2537.62 3234.00 2591.38 
 134 2454.12 3142.00 2591.38 
 135 2494.62 2928.00 2591.38 
 136 2547.75 3286.00 2591.38 
 137 2511.88 3052.00 2591.38 
 138 2387.38 2670.00 2591.38 
 139 2446.00 3034.00 2591.38 
 140 2512.25 3206.00 2591.38 
 141 2483.12 3208.00 2591.38 
 142 2572.38 3116.00 2591.38 
 143 2547.75 3260.00 2591.38 
 144 2649.62 3166.00 2591.38 
 145 2482.62 3090.00 2649.62 
 146 2486.62 3194.00 2649.62 
 147 2586.12 2950.00 2649.62 
 148 2595.12 3192.00 2649.62 
 149 2402.50 3230.00 2649.62 
 150 2686.75 3296.00 2649.62 
 151 2626.62 3092.00 2686.75 
 152 2582.38 3288.00 2686.75 
 153 2563.88 3282.00 2686.75 
 154 2638.25 3282.00 2686.75 
 155 2619.62 3322.00 2686.75 
 156 2489.75 3090.00 2686.75 
 157 2713.88 3232.00 2686.75 
 158 2566.50 3304.00 2713.88 
 159 2563.12 3428.00 2713.88 
 160 2701.62 3124.00 2713.88 
 161 2830.62 3284.00 2713.88 
 162 2569.75 3472.00 2830.62 
 163 2693.88 3182.00 2830.62 
 164 2733.88 3338.00 2830.62 
 165 2700.62 3274.00 2830.62 
 166 2798.38 3216.00 2830.62 
 167 2726.62 3190.00 2830.62 
 168 2709.62 3002.00 2830.62 
 169 2807.62 3182.00 2830.62 
 170 2654.50 3244.00 2830.62 
 171 2594.75 3388.00 2830.62 
 172 2650.50 3278.00 2830.62 
 173 2654.62 3270.00 2830.62 
 174 2656.12 3328.00 2830.62 
 175 2576.50 3202.00 2830.62 
 176 2577.25 3392.00 2830.62 
 177 2687.00 3356.00 2830.62 
 178 2669.88 3398.00 2830.62 
 179 2870.12 3344.00 2830.62 
 180 2782.88 3340.00 2870.12 
 181 2787.38 3448.00 2870.12 
 182 2837.50 3356.00 2870.12 
 183 2807.38 3382.00 2870.12 
 184 2807.88 3172.00 2870.12 
 185 2785.62 3356.00 2870.12 
 186 2830.62 3280.00 2870.12 
 187 2847.75 3370.00 2870.12 
 188 2886.25 3326.00 2870.12 
 189 2933.88 3324.00 2886.25 
 190 2932.38 3384.00 2933.88 
 191 2941.38 3426.00 2933.88 
 192 2962.12 3212.00 2941.38 
 193 2925.62 3340.00 2962.12 
 194 2921.62 3334.00 2962.12 
 195 2797.50 3434.00 2962.12 
 196 2822.62 3108.00 2962.12 
 197 2757.00 3190.00 2962.12 
 198 2807.38 3432.00 2962.12 
 199 2915.38 3192.00 2962.12 
 200 2809.12 3448.00 2962.12 
 201 2747.75 3038.00 2962.12 
 202 2848.38 3462.00 2962.12 
 203 2803.38 3348.00 2962.12 
 204 2909.62 3450.00 2962.12 
 205 2838.00 3276.00 2962.12 
 206 2795.75 3326.00 2962.12 
 207 2847.88 3436.00 2962.12 
 208 2975.62 3270.00 2962.12 
 209 2948.75 3390.00 2975.62 
 210 2963.38 3366.00 2975.62 
 211 2820.00 3336.00 2975.62 
 212 2930.00 3452.00 2975.62 
 213 2942.00 3530.00 2975.62 
 214 2916.75 3456.00 2975.62 
 215 2940.88 3278.00 2975.62 
 216 2801.75 3372.00 2975.62 
 217 2942.12 3438.00 2975.62 
 218 2929.62 3492.00 2975.62 
 219 3061.00 3348.00 2975.62 
 220 3042.00 3396.00 3061.00 
 221 2841.38 3300.00 3061.00 
 222 2836.25 3398.00 3061.00 
 223 2922.62 3538.00 3061.00 
 224 2898.25 3334.00 3061.00 
 225 2906.25 3422.00 3061.00 
 226 2993.88 3392.00 3061.00 
 227 2884.88 3376.00 3061.00 
 228 3013.12 3328.00 3061.00 
 229 3035.00 3286.00 3061.00 
 230 2841.62 3360.00 3061.00 
 231 3120.25 3480.00 3061.00 
 232 3000.50 3344.00 3120.25 
 233 2845.50 3180.00 3120.25 
 234 2958.25 3374.00 3120.25 
 235 2972.75 3414.00 3120.25 
 236 2921.88 3520.00 3120.25 
 237 3077.12 3410.00 3120.25 
 238 3011.62 3502.00 3120.25 
 239 3041.62 3412.00 3120.25 
 240 3031.25 3524.00 3120.25 
 241 3086.75 3556.00 3120.25 
 242 2894.12 3546.00 3120.25 
 243 3052.75 3412.00 3120.25 
 244 3032.50 3290.00 3120.25 
 245 3047.50 3412.00 3120.25 
 246 2984.75 3396.00 3120.25 
 247 3045.62 3430.00 3120.25 
 248 3030.38 3490.00 3120.25 
 249 3048.75 3596.00 3120.25 
 250 3181.38 3652.00 3120.25 
 251 2966.75 3590.00 3181.38 
 252 3042.38 3632.00 3181.38 
 253 3088.00 3508.00 3181.38 
 254 3079.88 3604.00 3181.38 
 255 3007.62 3620.00 3181.38 
 256 2966.38 3524.00 3181.38 
 257 3087.75 3588.00 3181.38 
 258 3164.12 3660.00 3181.38 
 259 3198.00 3560.00 3181.38 
 260 3049.75 3700.00 3198.00 
 261 3029.75 3644.00 3198.00 
 262 2990.25 3742.00 3198.00 
 263 3032.88 3560.00 3198.00 
 264 3063.00 3602.00 3198.00 
 265 3188.75 3554.00 3198.00 
 266 3084.88 3620.00 3198.00 
 267 3216.25 3616.00 3198.00 
 268 3031.75 3574.00 3216.25 
 269 3270.62 3670.00 3216.25 
 270 3150.50 3580.00 3270.62 
 271 3008.75 3658.00 3270.62 
 272 3001.12 3618.00 3270.62 
 273 3153.88 3430.00 3270.62 
 274 3036.75 3518.00 3270.62 
 275 3077.62 3610.00 3270.62 
 276 3193.75 3730.00 3270.62 
 277 3264.12 3614.00 3270.62 
 278 3158.12 3654.00 3270.62 
 279 3100.12 3532.00 3270.62 
 280 3111.62 3678.00 3270.62 
 281 3233.12 3742.00 3270.62 
 282 3223.25 3570.00 3270.62 
 283 3161.25 3756.00 3270.62 
 284 3241.88 3596.00 3270.62 
 285 3128.75 3802.00 3270.62 
 286 3166.12 3706.00 3270.62 
 287 3156.50 3616.00 3270.62 
 288 3142.88 3614.00 3270.62 
 289 3195.75 3374.00 3270.62 
 290 3170.50 3572.00 3270.62 
 291 3096.00 3690.00 3270.62 
 292 3205.12 3574.00 3270.62 
 293 3265.62 3690.00 3270.62 
 294 3183.88 3706.00 3270.62 
 295 3371.00 3628.00 3270.62 
 296 3261.25 3716.00 3371.00 
 297 3286.00 3760.00 3371.00 
 298 3082.62 3736.00 3371.00 
 299 3332.00 3766.00 3371.00 
